Start 1-th experiment.
0	0.00311790397983294
1	0.0014153971414160008
2	0.0014214378695365333
3	0.0014119981295436413
4	0.001055663472889188
5	0.001034061286371307
6	0.0012118916541467668
7	0.0014113696839767097
8	0.0014291085463047893
9	0.0014392184861259552
10	0.0014188539299819813
11	0.0005009059407051548
12	0.0004796131393888566
13	0.000843303677335135
14	0.0012034525104959325
15	0.0009175777092910022
16	0.001264677994444875
17	0.001522723771508149
18	0.0015237769591724768
19	0.0015340335148324514
20	0.0019055453108279981
21	0.0019230077573983188
22	0.0019232041474457045
23	0.001923117827317184
24	0.0019505813001948911
25	0.0019688058448535358
26	0.001968806754849263
27	0.001968806753956579
28	0.001968726808630071
29	0.0020125508622946373
30	0.002012584903100294
31	0.002015692457392697
32	0.002015700024536035
33	0.002027856537432704
34	0.0020346734552872314
35	0.002034673832905969
36	0.0020645805454296163
37	0.002064580545421225
38	0.002064580917387099
39	0.0020645809015632476
40	0.002064580656573997
41	0.0020645801063496464
42	0.002075402823278556
43	0.001986255385107148
44	0.0017035082197048206
45	0.0010272776868766869
46	0.0008003592811078479
47	0.0009347207159850154
48	0.0010863208348728575
49	0.0009733612340576465
50	0.0011420837621511832
51	0.001163780830939368
52	0.000788290849444113
53	0.0009767218626455226
54	0.0008035794717841697
55	0.0009720677917067749
56	0.0008806582807898856
57	0.00102594500345382
58	0.0010661089353527354
59	0.0010799169838949846
60	0.0009046749412399828
61	0.0012011611403372592
62	0.0007099022361692511
63	0.0008786784488612669
64	0.0008424790459666059
65	0.0010088677695583497
66	0.0009225606370864526
67	0.0010989293367690222
68	0.0010161764617330604
69	0.0007850075056743345
70	0.0010062056660793202
71	0.0007775840363386041
72	0.0005556107385339529
73	0.0005689800580587236
74	0.000424289490418769
75	0.00047144225625656385
76	0.00044866516942865145
77	0.0004583242986187348
78	0.0005475887311715957
79	0.0005786490474942041
80	0.0005722615749022118
81	0.0007884036514141212
82	0.0005266778360289009
83	0.0005357720424373332
84	0.00055907197399234
85	0.0005851638715191126
86	0.0008978690722893872
87	0.000761930350423099
88	0.0007619308206595589
89	0.0008022874758183895
90	0.0008048146719636047
91	0.0007949630053565251
92	0.0007915093757949012
93	0.0006128931530511411
94	0.0008021061874798087
95	0.000795854692882126
96	0.0007930077062697109
97	0.0008079041633734793
98	0.0008030746673015035
99	0.0005001326357876327
100	0.0004936605313430369
101	0.0005664641919530758
102	0.0005705668829824014
103	0.000574481469148982
104	0.0005643750739105234
105	0.0011412289376597693
106	0.001143907523366555
107	0.001145708146757833
108	0.0011481954957067275
109	0.001146396773091088
110	0.0011452753842038832
111	0.0011349342696111578
112	0.0005524728021979429
113	0.000561719990562886
114	0.0005757097904932332
115	0.0005094457367634918
116	0.0006196403596440888
117	0.0006196437376499117
118	0.0006152424094088826
119	0.0006119051357797155
120	0.0006118867327302945
121	0.0005836743026583181
122	0.0005838027269513237
123	0.0005838049787518771
124	0.0005858127960384581
125	0.0005032079977983003
126	0.0004961905822841413
127	0.0008622622550497134
128	0.0005644316243761698
129	0.0005666661753381671
130	0.0007884870579638707
131	0.0006052306456283594
132	0.0006788618301611509
133	0.0005621150669992928
134	0.0008019682573553244
135	0.0009902891740817437
136	0.0004994999622455112
137	0.0007317196327826958
138	0.0008360427756192865
139	0.0006382068490312414
140	0.0008646699295295706
141	0.0007035625494140944
142	0.000644309355501843
143	0.000664690617507075
144	0.0006632266516606465
145	0.0007309408276699765
146	0.0007758486795395825
147	0.0009094550067803171
148	0.0005795109827184734
149	0.0004439190835950546
150	0.00041513424357811514
151	0.00043574455900921506
152	0.0004389066325949324
153	0.00039482103995924924
154	0.00045310403829448837
155	0.00040915479655417755
156	0.0004549801221517329
157	0.0003754603763365631
158	0.0003959896614692069
159	0.0005459169974769637
160	0.0008166818131674726
161	0.0005149169872060743
162	0.0007699496185238412
163	0.0007205075094873369
164	0.0007235889550718007
165	0.0004911431590729114
166	0.0004612847259035841
167	0.00041610700875660236
168	0.000740735766442226
169	0.0007558463031270613
170	0.000517975613079404
171	0.0007413679454459217
172	0.0010390207687690435
173	0.0005148707179091769
174	0.0005368360418742376
175	0.0007607318120513291
176	0.00046416419736268764
177	0.0005989804384077569
178	0.0004554835353481678
179	0.0006332806985857015
180	0.0006220249890324985
181	0.000827473581034216
182	0.0007241156575915445
183	0.0005424569463106092
184	0.0003576209587243716
185	0.0011554534484807257
186	0.0006292258973148088
187	0.0011112431781958921
188	0.00046337905106842855
189	0.000946744490290655
190	0.0009584433728162782
191	0.0004161823844364194
192	0.0007028549541411381
193	0.0007195778156459257
194	0.0007442487932648877
195	0.0005422236124819524
196	0.0012175052153782155
197	0.0008926545979923367
198	0.0006162004017663257
199	0.0004254966634088964
200	0.000647474140494589
201	0.0006483025552921952
202	0.0007787978790061737
203	0.0004544047280570674
204	0.0005517229558935579
205	0.0006703807794105913
206	0.0006430680310280717
207	0.0007031668726830987
208	0.0006864948947221597
209	0.0007176580535890542
210	0.0004478642208402152
211	0.0004098277137055552
212	0.0005926202498962461
213	0.0006288551637899705
214	0.0006310895042877521
215	0.0014255382281654397
216	0.00096841594285675
217	0.0005059717388502959
218	0.0004391022463557466
219	0.00037542276326310326
220	0.00048446820108779263
221	0.0006687792275403682
222	0.0009816439474013249
223	0.0005241623538250834
224	0.0007008987037716031
225	0.0003274219039808704
226	0.0007384155134001876
227	0.0012987505969729975
228	0.0009503199583158973
229	0.0005831654741095335
230	0.0007865668326121106
231	0.0006667186276512918
232	0.000618680496709401
233	0.0008004857424418799
234	0.0008012487191843113
235	0.0007649149588466572
236	0.0008515724825964773
237	0.0008578813273157135
238	0.0007351148815665453
239	0.0011606954910885084
240	0.0010819815702474958
241	0.001052048792710636
242	0.0005500140326205064
243	0.0007257412164699456
244	0.0006209606156756176
245	0.0009395554293523843
246	0.0009056201061411455
247	0.00048609333664434244
248	0.00039237743122545277
249	0.0003876913693135994
250	0.0008778796459928259
251	0.0007898184185424774
252	0.0006155232323887322
253	0.0006075056571615859
254	0.0006910648149979771
255	0.0007471794546371924
256	0.0006055098119850516
257	0.0005082752108774125
258	0.0004841344076569581
259	0.00048134818132583194
260	0.0005759436700677594
261	0.0005460606281481351
262	0.000499265408330271
263	0.00047605800717308224
264	0.0004905473312382636
265	0.00045170084713080575
266	0.00041367450297844866
267	0.0005031406378412496
268	0.0008818968825762477
269	0.0005859680228901762
270	0.000878224621556004
271	0.0005549192785623323
272	0.0006561164526757402
273	0.0006354394528171603
274	0.0006328050039528852
275	0.0006840172027004177
276	0.0006756470632623111
277	0.0009595103743080753
278	0.0011150469503724493
279	0.0010690998761086748
280	0.0009015373070529103
281	0.0008834081839945729
282	0.0009026060733695381
283	0.0006953795433331756
284	0.0008951914378821857
285	0.0006595986591813898
286	0.0007427064414291658
287	0.0007337202329103086
288	0.0005164346262965835
289	0.0006236894305951108
290	0.0008102661401033755
291	0.0005796199713081247
292	0.0008072210740806929
293	0.0004228684451187545
294	0.0005029365414343837
295	0.0008688321380568851
296	0.000834870167046947
297	0.000934911993859073
298	0.0009600103988745392
299	0.0008055851294780787
300	0.0009630222448480818
301	0.0008847575686191215
302	0.0009316233656801442
303	0.0008751499041980106
304	0.0006466173663172924
305	0.0009230074584023998
306	0.0007939561603771
307	0.0007088499573401309
308	0.0007683118991279904
309	0.0007917338467743467
310	0.000798141807777303
311	0.0007415965654249356
312	0.000720979432218813
313	0.0008171786448218696
314	0.0006695401052020923
315	0.00045341962561466987
316	0.0006499763967206433
317	0.0006704350437479195
318	0.0006479287561889063
319	0.0007154913450170868
320	0.000735765782442614
321	0.0007551829609050821
322	0.0007729181108413199
323	0.0007075595297737358
324	0.0007981668564273061
325	0.0007033741582563877
326	0.000792301544307132
327	0.0006539998779070766
328	0.0005529498802261246
329	0.000861798610037041
330	0.0008835391863357588
331	0.0005330727034378852
332	0.0008598941133701091
333	0.0006396426406511383
334	0.0007805544930727221
335	0.0007566993317961062
336	0.0008806224143368444
337	0.000594570937022529
338	0.0010564739686440305
339	0.0006720009939045577
340	0.000977928578418498
341	0.001036437237979342
342	0.0010180611576282288
343	0.001016558421924043
344	0.0007307888960734765
345	0.0010006744730348374
346	0.0010622752577975564
347	0.0010533103381945984
348	0.0008447137773023209
349	0.0008590607622281816
350	0.0010511284295758154
351	0.0007704579660512997
352	0.0009087739660653369
353	0.0007829824064661477
354	0.0010071917932097693
355	0.0009928429833472344
356	0.0009417096871301672
357	0.0010214055077225619
358	0.0008134006310953828
359	0.0008173426840652475
360	0.0007487143488131994
361	0.0006838111504315818
362	0.000649663589597303
363	0.0006596226387697398
364	0.0005610497885963084
365	0.0005735731150587925
366	0.0007381939391846304
367	0.0006993218896584646
368	0.0006904046659984405
369	0.0006681165115785887
370	0.0007329785717420747
371	0.0008556489548309248
372	0.0007636615245821145
373	0.0006123534935716283
374	0.0008279655216217905
375	0.0008544381746524054
376	0.0009083034244322055
377	0.0009245255967898724
378	0.0009662966853501668
379	0.000600192872322333
380	0.000980485386690149
381	0.0012468690669507315
382	0.0013728565876185456
383	0.0014721996358237333
384	0.0011504506069363132
385	0.0005604687500659366
386	0.0013061626317010515
387	0.0014876780467623675
388	0.00147275224778858
389	0.0012166516903739056
390	0.0014741076485316421
391	0.001399262642051297
392	0.0015018633449868466
393	0.0014972678386247981
394	0.0013096834172262475
395	0.001212516417152521
396	0.0009177339923722977
397	0.0015225032670497733
398	0.0014520869370828588
399	0.0012716901057969717
400	0.0010456107133969775
401	0.0009924159925587515
402	0.000634498656685825
403	0.0007663242682974473
404	0.0010848345802374642
405	0.0008106846127440827
406	0.00116453356744234
407	0.0007839170916397884
408	0.0011382447801820223
409	0.0011298660985626402
410	0.0009110339020044991
411	0.000997958884744892
412	0.0010055595156658248
413	0.0004679087350273923
414	0.0010237464320360112
415	0.0009645460773227865
416	0.0010369152494499655
417	0.00125552990769458
418	0.000936062541755507
419	0.0008121920881120346
420	0.0008654165758138923
421	0.0008742052471791518
422	0.0008272168895392878
423	0.0008404865347560003
424	0.0008046746145616595
425	0.0010339288293669863
426	0.00099233643122615
427	0.0005029414233761315
428	0.0007810172372879125
429	0.0009394302567060073
430	0.0009534074232811916
431	0.0008904413358507725
432	0.0008580710245818506
433	0.0007755913491355502
434	0.0010070893169284473
435	0.0009652763040513001
436	0.0009142340155580995
437	0.0009243401694802925
438	0.0009290419469253137
439	0.0007740813698238127
440	0.0009858197594141973
441	0.0006608880065742428
442	0.0010113988079495796
443	0.0009502834402248401
444	0.0009513431980355452
445	0.0006463852412184215
446	0.0007285116385436199
447	0.0008106732298403065
448	0.0009456521769757611
449	0.0003573945777700475
450	0.0007676546955972063
451	0.0007849196259276837
452	0.0008349140332385017
453	0.0005427430269062312
454	0.000605612794468792
455	0.0010427130495262345
456	0.0007714124046627767
457	0.0008485865834938493
458	0.0008029693373768163
459	0.0008957220591789318
460	0.000951289982631311
461	0.0006313973888143953
462	0.0008305015296840425
463	0.0008748671607190919
464	0.0008824156677833257
465	0.0008043666679492951
466	0.0007492682201328224
467	0.0007459981456934497
468	0.0007863701666549441
469	0.0008294179732358876
470	0.0007346673046201477
471	0.0005879315615664574
472	0.0008650120951318632
473	0.0008528796053961228
474	0.0008750411383814558
475	0.0006404112373686426
476	0.0007959771590119279
477	0.0007723813316711926
478	0.0006184454626033417
479	0.0006242586140651115
480	0.0006452610426985649
481	0.0005316322561548475
482	0.0006833248972878169
483	0.0008019291728604273
484	0.0005065290999197912
485	0.00048001696259483256
486	0.0004525609439580108
487	0.0005130347566201102
488	0.0005333786766711328
489	0.0006915776900565858
490	0.0007309858019909851
491	0.0006466207834460686
492	0.0005554195956472414
493	0.0006399327342828274
494	0.0006482179300083946
495	0.0007140006522681802
496	0.0006168253629793553
497	0.0006870387696064438
498	0.0006688864554251279
499	0.0006174130849013203
500	0.0005722933083960991
501	0.0005796654826330054
502	0.0005383473695838864
503	0.0005207954421481114
504	0.0006854585845307581
505	0.0006329259803866675
506	0.0007343225464259734
507	0.0007303675797390349
508	0.0006865931582890602
509	0.0007194627314327626
510	0.0008138265293212469
511	0.0007988043140172166
512	0.0005866319954691093
513	0.0007075034448912363
514	0.0005781576817907705
515	0.0005948878331845325
516	0.0006475140392089706
517	0.0004933797501417416
518	0.00047152349898399725
519	0.0006350228816322395
520	0.0006160253923541459
521	0.000611118374943587
522	0.00048644797216840414
523	0.0008403108463975287
524	0.0008094995893480087
525	0.0008145027130977775
526	0.000778850644843522
527	0.0008243235248725175
528	0.0008252925715586344
529	0.0008290065989074648
530	0.0008564505527851441
531	0.0009201400961461802
532	0.0008695509507230534
533	0.0005644127984650542
534	0.0006932286370224423
535	0.0006738747942028188
536	0.00114020621867278
537	0.0010325463029837877
538	0.001053026051768518
539	0.0006333097381852102
540	0.0008472521258840435
541	0.0008545473225679741
542	0.0008575055596411707
543	0.0005154411491023029
544	0.0007517157012336831
545	0.0008292761993042567
546	0.0006846439429837716
547	0.0007845408104953561
548	0.0006823321536308361
549	0.0009446310196659552
550	0.0009550312649098936
551	0.0009376258869209715
552	0.0007013191363627944
553	0.0007043110819135789
554	0.0009058646662631183
555	0.001201964205650183
556	0.0006631683606510742
557	0.0005853294516639521
558	0.0005213029303347285
559	0.0008713048674625929
560	0.000777620819613382
561	0.000828829043658234
562	0.0008295883820887861
563	0.0006831410955684989
564	0.0008456895474557601
565	0.0008598555239388567
566	0.000739908021336835
567	0.0008559623412430831
568	0.0006637113776959172
569	0.0006101914218739271
570	0.0008818618591010391
571	0.0008141521033531561
572	0.0007176010451571382
573	0.0006607458297269621
574	0.0007414532220532634
575	0.0006940995743893966
576	0.0005724167301830247
577	0.0009872876664576966
578	0.0008662126588030753
579	0.0008883108883986653
580	0.000544584195856165
581	0.000846235876668803
582	0.0007607283604288166
583	0.0007988974460380383
584	0.0008267634591159175
585	0.0009658931141016989
586	0.0007378602540593287
587	0.0004869707521019895
588	0.0005928325476510411
589	0.0009730655236158901
590	0.0005079587929242672
591	0.00089428678266539
592	0.0007698713836369682
593	0.00045961897403342555
594	0.0007000130084541977
595	0.0006137482060210652
596	0.0007286726559434691
597	0.0007552469695757414
598	0.0007261901942965423
599	0.0007146833852114229
600	0.0007153327613370536
601	0.0008836251128200951
602	0.0008390170006886703
603	0.0007040620204919805
604	0.0008749197393812434
605	0.0008748444942376433
606	0.0008891853170265724
607	0.0009157809928782891
608	0.0009566899486790946
609	0.0009968321901092322
610	0.0005662556388313177
611	0.0009595766628630242
612	0.0008906634316759496
613	0.0005930624941093909
614	0.0006401816726734787
615	0.0007302949452379272
616	0.0005640183711492989
617	0.0007377645510000825
618	0.0008942090973640945
619	0.0009048344878454341
620	0.0011033421035125113
621	0.0011040676312129528
622	0.0011456519889209676
623	0.0010721600008109149
624	0.0011280127949081474
625	0.0008273879166032973
626	0.0008172210253082249
627	0.0008421253563808176
628	0.0008659412708646141
629	0.0010826279057971335
630	0.001091720303346198
631	0.0008677822425669865
632	0.000952432278117904
633	0.0008445626788437011
634	0.0007253437153863042
635	0.0009108472271501509
636	0.001014792981502373
637	0.0010131211148103818
638	0.0010767886642883246
639	0.0009974272638523403
640	0.0011441096081090882
641	0.0009839270046607593
642	0.000742433645180926
643	0.0007992118940436822
644	0.001011901151123838
645	0.0009377140769963008
646	0.0011990053902266608
647	0.0009523483421430583
648	0.0010252167590532324
649	0.0008832809221970765
650	0.0007126284849532702
651	0.0007102320733833441
652	0.0009741889306439897
653	0.00047346851551778943
654	0.0009858265673857343
655	0.000961287160362306
656	0.0006404714770042445
657	0.0011804221409347493
658	0.001100154370831837
659	0.0007068187143483213
660	0.0009127403979463428
661	0.0007662474191116345
662	0.0007732015156309844
663	0.0005511941566817379
664	0.0007228364612928556
665	0.0005196644115913839
666	0.0005815627233196299
667	0.0005559640849217882
668	0.0009925232607903044
669	0.0009626275424452895
670	0.0010324346228998312
671	0.0006684548898344748
672	0.0008667552518653782
673	0.0005140068258745908
674	0.0005663457150546873
675	0.00101132294300828
676	0.0008753104155799681
677	0.0007679270025537436
678	0.0009410232683725863
679	0.0008799174181584966
680	0.0008557135886891403
681	0.0006005555185360688
682	0.0008323531518729857
683	0.0007144918819810742
684	0.0008800884524879793
685	0.0008591978275735258
686	0.0006396930183746721
687	0.0006241605127660381
688	0.000882442601607798
689	0.0008132322500159643
690	0.000495920898347051
691	0.0007367245884003124
692	0.0009248574798318087
693	0.0009319405274066608
694	0.0010006582262897382
695	0.0006990818053765168
696	0.0007770447305034085
697	0.0009710970924126586
698	0.0009758867739037051
699	0.0009324158978336122
700	0.0007113090717170901
701	0.0007261634891306268
702	0.0008658850030765759
703	0.0009793079999902625
704	0.0009983904184091988
705	0.0010045974695936143
706	0.001195130073052327
707	0.001218146220253217
708	0.0009177744020301689
709	0.0010850353519647098
710	0.0010474403126265956
711	0.0011712292316179655
712	0.0010565914185466827
713	0.0010897236190011285
714	0.0006507871732541809
715	0.0010396050243180117
716	0.0011009618556492116
717	0.0010490811722016896
718	0.0011956193143217635
719	0.0008910483930353617
720	0.0009648162869814543
721	0.0010820598775416418
722	0.001472074782450215
723	0.0010100964693794652
724	0.0009449379384080299
725	0.0010163596233867982
726	0.0010484798670401837
727	0.0010428887585998796
728	0.0010325569100944011
729	0.0008913025494576972
730	0.000980992078400199
731	0.0009123062286424975
732	0.0010566844835571373
733	0.000782181209574139
734	0.0011195089779854634
735	0.0006512948472580445
736	0.0009648020568149981
737	0.0009167306106847646
738	0.0011648073006440176
739	0.001244835720109333
740	0.0010928995315256011
741	0.0007550541215191592
742	0.0010491278027634934
743	0.0009795096066178594
744	0.0009865622840890258
745	0.0009615836081887562
746	0.0010196871897467786
747	0.0008062392692029536
748	0.0008156454305305141
749	0.0007381650170029183
750	0.0006878969189145047
751	0.0008345722246800561
752	0.0009533544246437888
753	0.0009557896216406589
754	0.0005096978369538203
755	0.0008966695659043013
756	0.0010209056796353993
757	0.0007382468005841683
758	0.0008767333883234223
759	0.0008862713283234155
760	0.0007448764371779197
761	0.0009457245586819137
762	0.0007634791422177576
763	0.0009491082272142358
764	0.000731592639494185
765	0.000898852782521633
766	0.0010185048340551567
767	0.0009509144428758762
768	0.0009814663304513872
769	0.0007450213071671664
770	0.0007694345496268395
771	0.0007611429379176857
772	0.0007107326109066026
773	0.0006738719629469518
774	0.0006169715554144162
775	0.0006032474225534086
776	0.0005228610477307668
777	0.000529118446867826
778	0.0004976809264068496
779	0.0005628421703569833
780	0.0004659110262621004
781	0.0005832032706091382
782	0.0007131200930100944
783	0.000628342334476598
784	0.0006302935141092186
785	0.0005691196626466875
786	0.0005940800121600526
787	0.00047770826347744356
788	0.00043333113399519663
789	0.0007700045894179673
790	0.0008641812895536344
791	0.0013129174784878087
792	0.0008699020054740343
793	0.000472143006521534
794	0.0008335757974865499
795	0.0008358729626945049
796	0.0008350277751418815
797	0.0006704589273602801
798	0.0005727735224376744
799	0.0005205148094618426
800	0.000505218632562312
801	0.0004937456856354835
802	0.0005682990161579925
803	0.0007436896289770433
804	0.0006083692410961854
805	0.0008301671303596681
806	0.0006859939452828168
807	0.0009127865228627702
808	0.000945857396799983
809	0.0009422933845524192
810	0.0009060239797807503
811	0.000962314461811042
812	0.0007920963326160951
813	0.0006303512233936433
814	0.0008911677270264675
815	0.0009191745438729559
816	0.0012131605579206257
817	0.001166205499655805
818	0.001037728119500149
819	0.0010645997699629977
820	0.0010175686744432941
821	0.0010214236058010747
822	0.0011243544820570789
823	0.0008131998276413233
824	0.001091552252669693
825	0.0010909155286078095
826	0.0010965742110468693
827	0.0010610467894382877
828	0.0009642577899374737
829	0.0010530095179146375
830	0.0013038907723259355
831	0.0010413054925629522
832	0.0011468333828409034
833	0.001130644892956715
834	0.0010071254482260238
835	0.0011406855432904211
836	0.0009981162200768125
837	0.001035427378184863
838	0.000991022784530038
839	0.0008719075140190413
840	0.000983519437446148
841	0.0011981169025904023
842	0.0009583365608308523
843	0.0010073750803253913
844	0.0009223641951447081
845	0.0007186851519660342
846	0.0011217640773559044
847	0.0011287315046728196
848	0.000928511061860677
849	0.001136634406400494
850	0.0010388842193621102
851	0.0009736777917163756
852	0.0007917167897697904
853	0.0013664948110611841
854	0.0012053399208991713
855	0.0011811927265464686
856	0.0008552818278461773
857	0.0010068812489254465
858	0.0004977476039015633
859	0.0007679917292669111
860	0.0013116346100756895
861	0.0006419337847181001
862	0.0012204423641891345
863	0.0007222270667289673
864	0.0012264100433261715
865	0.0010487023394204565
866	0.000872507861999699
867	0.0010463717658186931
868	0.0011565795729762383
869	0.0009285913144514804
870	0.0007993619054924013
871	0.0007928655432538588
872	0.0007967279949704113
873	0.0007032037825250078
874	0.0008467421483583257
875	0.0008891456070588608
876	0.0009846017480884097
877	0.0007927348192525857
878	0.0007212623376393191
879	0.0007657580063683551
880	0.0004732114216985077
881	0.0012332885139439411
882	0.0015813863994754876
883	0.000848301931947396
884	0.0015003820260924053
885	0.0011321238268359576
886	0.0008067200933848096
887	0.000990957243623089
888	0.0009040662012012021
889	0.0007493173859185963
890	0.0010207396538239079
891	0.001047733587948619
892	0.0009086426147250599
893	0.0009196466813693578
894	0.0006763584260490653
895	0.0007519797333674332
896	0.0010091821243328539
897	0.0010693591635073368
898	0.0008597754579806644
899	0.001071505861640518
900	0.000984164526189562
901	0.0009055727637950279
902	0.0008663009588800841
903	0.0008465937135739254
904	0.0006922705388875207
905	0.0008779474349878491
906	0.0008290338982768868
907	0.000676183980005321
908	0.000788885882209384
909	0.0005469284496563157
910	0.0011228563644616377
911	0.0012274501145622247
912	0.0007202063465460448
913	0.0004833274600738705
914	0.0011102166628017204
915	0.0013996436395844142
916	0.001320609838970544
917	0.0009665292296393822
918	0.0010655638745455712
919	0.0006644775858732241
920	0.0008456932430647027
921	0.0005026944400915923
922	0.00080396957882134
923	0.0008820081924507632
924	0.0009012033525416076
925	0.0006370535670637702
926	0.0008950974913822501
927	0.000889155715843267
928	0.001035452958631933
929	0.0007401393253049057
930	0.0007773936599512114
931	0.0009961287587495773
932	0.0008008684296032243
933	0.001009264698304929
934	0.000896618260273577
935	0.001089999394579555
936	0.000905294355482529
937	0.001139335699682166
938	0.00054626851674471
939	0.0006171738641903852
940	0.001185471901679438
941	0.0009149643867092296
942	0.0010354714515388552
943	0.0006323350605621116
944	0.0008058490139799709
945	0.0010945620927496648
946	0.0008371986919744792
947	0.0008512004650253975
948	0.0006405897783729653
949	0.0007015101493779457
950	0.0008774882579224567
951	0.0007667929233873159
952	0.0009211947413438112
953	0.0009186310447440793
954	0.0009452815476963356
955	0.000923493260658554
956	0.0008730502301358318
957	0.0010345225501220449
958	0.0009293519080884938
959	0.0009934874716313606
960	0.0007360345469157915
961	0.0006012517709741227
962	0.0008367121650009789
963	0.0009105826904161808
964	0.0008745485145977341
965	0.0008201409289761121
966	0.0007405099394514736
967	0.000756981829499185
968	0.0007158628533145389
969	0.0007253336221247368
970	0.0006734668540318192
971	0.0006474657566826208
972	0.0006839627236683272
973	0.0006930681139753682
974	0.0009225796657646954
975	0.0010016322294885878
976	0.0008439660996343389
977	0.0009844472323371752
978	0.0006324047090000914
979	0.0007377252519709652
980	0.0007014358702059891
981	0.00045918596647562726
982	0.0006924720957939305
983	0.0007937156437059309
984	0.0006562439346420077
985	0.0007493833829010626
986	0.000918945901955794
987	0.0007595424913468565
988	0.0007012057335655784
989	0.0006387304314397306
990	0.0006869743358594115
991	0.0006257069145552633
992	0.0006364686982360652
993	0.0006353391211503378
994	0.0007035075605862917
995	0.0005705783262787975
996	0.0006601484452640753
997	0.0006715433299693385
998	0.0006788917512581701
999	0.0006520385153213831
1000	0.0005482087070642841
1001	0.0004952307700397989
1002	0.0007299405776082208
1003	0.0006864727430677855
1004	0.00040448374677559814
1005	0.0005180731569668014
1006	0.0007079295935892256
1007	0.0008523218572172089
1008	0.0008402280861078931
1009	0.0007902645826052453
1010	0.0008324100774460058
1011	0.000731294761054044
1012	0.0007783173827753446
1013	0.0006827149852632629
1014	0.000728823477117727
1015	0.0008585656882832487
1016	0.0009333445354171339
1017	0.0008101419359831435
1018	0.0008822133921434169
1019	0.0008347019824214288
1020	0.0007111411014615247
1021	0.000651074088594608
1022	0.0007494900129852218
1023	0.0007558658928352015
1024	0.0008874854311534418
1025	0.0007895337920857549
1026	0.0006644763358183462
1027	0.0009164628052346544
1028	0.0009301375325066558
1029	0.0009656003057514196
1030	0.0009446616718186687
1031	0.0011477228994679594
1032	0.0006208329162581419
1033	0.0008254234638471225
1034	0.0005521378935712452
1035	0.000640672255292244
1036	0.0007845509103205402
1037	0.0007904866196567635
1038	0.0006713467725713039
1039	0.0005913513992394603
1040	0.0006991420484330263
1041	0.0008444705470065139
1042	0.0007919135963441614
1043	0.000849593263747316
1044	0.000808195687782665
1045	0.0007766986474586416
1046	0.0007482604475632042
1047	0.000568997854492665
1048	0.0007311728066229084
1049	0.0007587326165111427
1050	0.0008575399872529126
1051	0.0007368061983860311
1052	0.0007306864531556744
1053	0.0006929053326235904
1054	0.0006636940550203789
1055	0.0008030883516586699
1056	0.0008288780610625675
1057	0.0006355570017473803
1058	0.0005556316080913714
1059	0.0005603306418796543
1060	0.0005759563325029379
1061	0.0005834303355668203
1062	0.0005622090592602033
1063	0.0006135520924613111
1064	0.00098540651448463
1065	0.0009764831669058247
1066	0.0009908024912955674
1067	0.0009890917222271916
1068	0.0013654123737203935
1069	0.00137958592709552
1070	0.0013538751309357282
1071	0.0013347396321808957
1072	0.0013337073105410286
1073	0.001281437222729396
1074	0.0012665046388593065
1075	0.0012517364105148194
1076	0.0012517364105148194
1077	0.0012508426129431728
1078	0.0012465865126196577
1079	0.0012466774314773938
1080	0.0012466774314773938
1081	0.001247223058273978
1082	0.0012416282407281213
1083	0.00124420865890745
1084	0.0013166003734571025
1085	0.0013177226942332602
1086	0.0013147808551970312
1087	0.0013196666079658451
1088	0.0013203767681839952
1089	0.001313437071684367
1090	0.001271705362823318
1091	0.001280003788996591
1092	0.0012767913658616398
1093	0.0012824961211633694
1094	0.0012864707526937691
1095	0.0012537100179523962
1096	0.001276467291974424
1097	0.0015638437081183728
1098	0.0015638437081183728
1099	0.0015650123407928065
1100	0.0015650123407928065
1101	0.0010445594120333055
1102	0.001044535157929496
1103	0.001565461345827599
1104	0.0015568372739068338
1105	0.0015626035610802756
1106	0.0015626035610802756
1107	0.0015618003038913254
1108	0.001285657604444719
1109	0.0012872363495489104
1110	0.001287757353827057
1111	0.0012760694460404447
1112	0.0012760694460404447
1113	0.0009561659446857897
1114	0.0009437215131022068
1115	0.0006708907538873339
1116	0.0006686784956468892
1117	0.0006661460833570245
1118	0.0006614264071873123
1119	0.0006559907514802824
1120	0.0006491485497177659
1121	0.0008069730237653845
1122	0.0011983903640643589
1123	0.0011993870991944225
1124	0.0013358164424855635
1125	0.0013343546153380978
1126	0.0013343516169187326
1127	0.0013326964302950392
1128	0.0013320343393338609
1129	0.0010816181039187476
1130	0.0010849487633260693
1131	0.001164969305317503
1132	0.0011673313120275982
1133	0.0011832496325504373
1134	0.0011839344878920143
1135	0.0011901269212047476
1136	0.0012025833374766201
1137	0.0014506896500345245
1138	0.0014522041652872651
1139	0.0014529339013373019
1140	0.0014689411153215855
1141	0.0014689411153215855
1142	0.001466119151325883
1143	0.0014706674694013886
1144	0.0014706674694013886
1145	0.0014706674694013886
1146	0.0014705721450625083
1147	0.0014698979020352047
1148	0.0014689440892811142
1149	0.0014696183323084178
1150	0.001496837231496255
1151	0.0015395572232495855
1152	0.0015395572232495855
1153	0.001558160819821515
1154	0.0015558745818015887
1155	0.0015558745818015887
1156	0.0013613809093704972
1157	0.0013613809093704972
1158	0.0013613809093704972
1159	0.0013613809093704972
1160	0.0015557892990544916
1161	0.0017997220754011585
1162	0.0015428162972728812
1163	0.0015428103675957567
1164	0.0015428103675957567
1165	0.0015428268692624497
1166	0.0015428127316236854
1167	0.0015395078748116934
1168	0.0015394658847845545
1169	0.0015394658847845545
1170	0.0013350568967232961
1171	0.001593026274279477
1172	0.0016041933276414618
1173	0.001614423492884429
1174	0.0016147628455251723
1175	0.0016042726851697737
1176	0.001605292223022009
1177	0.0015976117613883023
1178	0.0014536338990012961
1179	0.0014544080309029652
1180	0.0014544080309029652
1181	0.001457971337471121
1182	0.0009593479073779034
1183	0.0010631071597651414
1184	0.0010631071597651414
1185	0.0010629310616514479
1186	0.0010629310616514479
1187	0.0010629310616514479
1188	0.001126038386082429
1189	0.001126038386082429
1190	0.0011252845822824428
1191	0.0011252845822824428
1192	0.0009166095025878255
1193	0.0009074573322854218
1194	0.0009126248560973943
1195	0.0011361281795760746
1196	0.0011296194872103343
1197	0.001106969477572433
1198	0.001070841046878927
1199	0.001070841046878927
1200	0.0011051881868281
1201	0.0011051881868281
1202	0.0009447804473472773
1203	0.0009531941035322274
1204	0.000962458988903927
1205	0.0009358117860528592
1206	0.0009582235675396005
1207	0.0009582235675396005
1208	0.0009582431483826306
1209	0.0009319944980710797
1210	0.0014524554457368375
1211	0.0014488328135492234
1212	0.0014452632825987738
1213	0.001844227621949065
1214	0.001811719213426437
1215	0.001811719213426437
1216	0.0018171067187734886
1217	0.0018163780530567216
1218	0.0019650303682086454
1219	0.0019650316454861375
1220	0.0019650316454861375
1221	0.0019650316454861375
1222	0.001965035186197733
1223	0.0015392740222625737
1224	0.0015393567521593688
1225	0.0015393567521593688
1226	0.0015389867651420515
1227	0.001147043660488681
1228	0.001146796189965467
1229	0.001146796189965467
1230	0.0011161515552551421
1231	0.0011149866557604495
1232	0.001115273529731912
1233	0.0011164384292266045
1234	0.0011488232104133597
1235	0.0011378543800243924
1236	0.0011134569826027013
1237	0.0011134569826027013
1238	0.0011133183732918652
1239	0.0011133183732918652
1240	0.0011729628900229631
1241	0.0011560609543303435
1242	0.001625521554424756
1243	0.0016195146892310742
1244	0.0016132163199392062
1245	0.0016299106970530126
1246	0.0016227534613606023
1247	0.0016227534613606023
1248	0.0016242199196039265
1249	0.001624190255608725
1250	0.0016329152380919817
1251	0.001591490304119093
1252	0.0016232264483995893
1253	0.0016221603099325728
1254	0.0016221603099325728
1255	0.0017315519782750393
1256	0.001443114539770402
1257	0.0014322833338502486
1258	0.0014445564367564585
1259	0.0014566625446002927
1260	0.0014566802684122559
1261	0.0014572444943097642
1262	0.0014572444943097642
1263	0.0014572444943097642
1264	0.0014569886096498826
1265	0.001464882012243353
1266	0.0014303946797063112
1267	0.0014297600794059035
1268	0.0014297600794059035
1269	0.0015598909813727318
1270	0.0015627044368143473
1271	0.0015529598709275898
1272	0.0015457158902387827
1273	0.0015457158902387827
1274	0.001545788932551463
1275	0.0012083395663731254
1276	0.0011785240097616895
1277	0.0010571085639467074
1278	0.0010571085639467074
1279	0.0009165349155387631
1280	0.000904302658898127
1281	0.0009024532280579497
1282	0.0009021361289227718
1283	0.0009039783131939017
1284	0.0008991451373757846
1285	0.0008969143782423554
1286	0.000874038191917557
1287	0.0009425793402166598
1288	0.0008117422676878846
1289	0.0008118733389149722
1290	0.0008055043994980715
1291	0.0008750808178068308
1292	0.0008751251859948206
1293	0.0008757676188279651
1294	0.0008712249596603241
1295	0.0008715556725051743
1296	0.0010375489328245096
1297	0.0010691708679859276
1298	0.0014745432628955853
1299	0.0014758420975699298
1300	0.0014757233280353404
1301	0.0014732829348786428
1302	0.0014631357371597156
1303	0.0014400789021758525
1304	0.0014403022972477855
1305	0.001485713740609437
1306	0.001476056757662293
1307	0.001475778986531511
1308	0.00147615508153078
1309	0.001510079319896394
1310	0.0014690712734516912
1311	0.0014690712734516912
1312	0.0014689598633551742
1313	0.0014502918871942727
1314	0.0013556137948773908
1315	0.0013607177315939473
1316	0.0013527215158584348
1317	0.0013527320535609323
1318	0.0013579485160970508
1319	0.0013488691103032337
1320	0.001355143667856548
1321	0.0013648766370891092
1322	0.0015182556037998673
1323	0.001381400040105949
1324	0.0014489939132002905
1325	0.0014432601186698188
1326	0.0014907990304313542
1327	0.0014908885064553435
1328	0.001487046272080259
1329	0.001492696981232718
1330	0.001492696981232718
1331	0.0014413724207247803
1332	0.0014416956930857914
1333	0.0013869498842974328
1334	0.0013869498842974328
1335	0.0014000424855402083
1336	0.0013942514799996453
1337	0.0014370528733190046
1338	0.00144217142310785
1339	0.0014957274452888757
1340	0.0016674357972907782
1341	0.0016665480137644927
1342	0.0016487272391653212
1343	0.0016487272391653212
1344	0.0016498935620653712
1345	0.0016498935620653712
1346	0.001592931080532804
1347	0.0015929260352821625
1348	0.001592904361227929
1349	0.001592904361227929
1350	0.0015919044279319537
1351	0.0015973716896114695
1352	0.0015963344027194663
1353	0.0019456663443430623
1354	0.0019456663443430623
1355	0.0019456663443430623
1356	0.0019456663443430623
1357	0.0019456663443430623
1358	0.0019498973022511502
1359	0.0019498973022511502
1360	0.0019497587416645564
1361	0.0026737912640119083
1362	0.0026737912640119083
1363	0.0026737912640119083
1364	0.002352176947041291
1365	0.002352176947041291
1366	0.002352176947041291
1367	0.0023490119914699415
1368	0.002351355960967867
1369	0.0028032508480597094
1370	0.0015237418145717997
1371	0.001522999261711525
1372	0.001522999261711525
1373	0.001522999261711525
1374	0.0011890786627389064
1375	0.0011880951352824932
1376	0.001106155062276661
1377	0.0013035922151074916
1378	0.0012949056250592989
1379	0.0012949056250592989
1380	0.0017929099956506675
1381	0.0017929099956506675
1382	0.0017981961426934668
1383	0.0017981961426934668
1384	0.0016958579921440996
1385	0.0017487886651436175
1386	0.0018256720618016855
1387	0.0018262308284195026
1388	0.0018281749651956178
1389	0.001834842679730429
1390	0.001834842679730429
1391	0.0018357490910425132
1392	0.001834280593742291
1393	0.001834280593742291
1394	0.001834280593742291
1395	0.0018343551986399688
1396	0.0018427698179724864
1397	0.0018427698179724864
1398	0.001849766159113876
1399	0.0028750482877963517
1400	0.0030177698340146143
1401	0.003016517269756053
1402	0.003016517269756053
1403	0.003018228350972843
1404	0.0028982193424595543
1405	0.002900310018130076
1406	0.002900310018130076
1407	0.0029407897495062328
1408	0.0029407897495062328
1409	0.0029533897517788313
1410	0.0029533897517788313
1411	0.0029882153568024303
1412	0.003000101752373799
1413	0.003000101752373799
1414	0.0026037864023222956
1415	0.0026037864023222956
1416	0.0026037864023222956
1417	0.0026037864023222956
1418	0.0026037874644547513
1419	0.0026037874644547513
1420	0.0025870005465949675
1421	0.002541714772927732
1422	0.0025410524725984276
1423	0.0025467469670678723
1424	0.0025466616927487893
1425	0.0025470383623055213
1426	0.0025470383623055213
1427	0.0025470387655249145
1428	0.002550005352637951
1429	0.002550893784674989
1430	0.0025457681185335783
1431	0.0025457002546862856
1432	0.00258425380175662
1433	0.0025867893996123987
1434	0.0025867893996123987
1435	0.0029772044954037955
1436	0.0029772044954037955
1437	0.003005118710227244
1438	0.003005118710227244
1439	0.003022907488676095
1440	0.003022907488676095
1441	0.003022907488676095
1442	0.003022907488676095
1443	0.003022532606989094
1444	0.003022532606989094
1445	0.003037381987369517
1446	0.0029805777211319153
1447	0.0029807466950385617
1448	0.0029734918829521177
1449	0.002907691608930478
1450	0.002907691608930478
1451	0.002907691608930478
1452	0.0028989029122375204
1453	0.002874181613775139
1454	0.00287409793633881
1455	0.0028755440441129254
1456	0.002875486303507354
1457	0.00287501447587119
1458	0.0019363137177954054
1459	0.0019363137177954054
1460	0.002344647244085041
1461	0.002344647244085041
1462	0.002344647244085041
1463	0.00234821586079752
1464	0.00234821586079752
1465	0.0023469542199750083
1466	0.0023482144312902847
1467	0.0023485158431819507
1468	0.002349035086844099
1469	0.002348722328346952
1470	0.002348722328346952
1471	0.002348660179369731
1472	0.0023507089305709137
1473	0.0019993447894840616
1474	0.002003337764397821
1475	0.0023675112509729613
1476	0.002365929212628371
1477	0.002342485927602286
1478	0.002342485927602286
1479	0.002342485927602286
1480	0.002341526468768206
1481	0.002341526468768206
1482	0.0023416088063885677
1483	0.0023125717831933663
1484	0.0023584156161527425
1485	0.002291503529898071
1486	0.002344963673405116
1487	0.0023449807541446525
1488	0.0023449807541446525
1489	0.002332608456820661
1490	0.0015727586412769355
1491	0.0015727586412769355
1492	0.0015721511272000538
1493	0.0015721511272000538
1494	0.0015721511272000538
1495	0.001448342481837387
1496	0.0017550750040729892
1497	0.0017550750040729892
1498	0.0017550750040729892
1499	0.001755134474062658
1500	0.0012570001037571757
Start 2-th experiment.
0	0.0029851734776893267
1	0.0024634519102519022
2	0.0020271559803609076
3	0.002315607389740483
4	0.0010854561719483011
5	0.0007704285975632776
6	0.0007465127397104855
7	0.0006334732560919855
8	0.0007399467426767973
9	0.0007016368696952712
10	0.0005835808574047805
11	0.0011050188119135554
12	0.0012105122943314092
13	0.0019067684220466783
14	0.0019049053737745074
15	0.0019421643818583016
16	0.0019421644218366484
17	0.0019421644479677728
18	0.0019421645183205164
19	0.0020091759989307213
20	0.002076587608407337
21	0.002076587621565856
22	0.0020765877336958224
23	0.0020734888176642155
24	0.0020735170632447115
25	0.002073517063683004
26	0.0020735170636773507
27	0.0020735170636396877
28	0.002071298667645394
29	0.0020712988973922075
30	0.0020712988976305823
31	0.0020712991245970458
32	0.0020697440994938807
33	0.0020697440994938807
34	0.002069744082588395
35	0.0020697439607523533
36	0.0020697439607523533
37	0.0020697439607523533
38	0.0020358365907289793
39	0.0020358365907289793
40	0.001973516597608117
41	0.001918896126463116
42	0.0014633038399583377
43	0.0007853222587218948
44	0.0009658855665796658
45	0.0008888061029937163
46	0.0007853036622854976
47	0.0007579454463271724
48	0.000833123228048729
49	0.0010074671369289228
50	0.0008043460537007524
51	0.001028100112103322
52	0.000894855402294654
53	0.0006828642048004615
54	0.000611035873848134
55	0.0007368119771530911
56	0.0008122704317095183
57	0.0009883038971452735
58	0.001413229266496195
59	0.0011709775580419186
60	0.0011765399417836453
61	0.0013646180163238513
62	0.0011859789093530424
63	0.0011157097684586603
64	0.0010002510521655624
65	0.0019579362000659135
66	0.0016433120598315218
67	0.001143624153060401
68	0.0010840028062676838
69	0.0010713293983539828
70	0.00077178045023582
71	0.0007624205979305227
72	0.0006354894093608556
73	0.0005569977272000396
74	0.0005396868315432798
75	0.0007394166210169888
76	0.0007302533094329766
77	0.0007291820722040295
78	0.0008631702357713714
79	0.0007298415035364562
80	0.0007302928420476394
81	0.0006886392465856066
82	0.000637547454974423
83	0.0007523880230394872
84	0.000729987062082795
85	0.0007186251542973428
86	0.000715763781551837
87	0.0007033277739985025
88	0.0006667051968304614
89	0.0006707863744942016
90	0.0006493968510195347
91	0.0006318152830551741
92	0.0006149336224367547
93	0.0005712086185083673
94	0.0006014844148237453
95	0.000562251474803873
96	0.0005622530522965286
97	0.0006002667022687882
98	0.0006057871462468111
99	0.000589169736995674
100	0.0006268471315850306
101	0.000626808043692945
102	0.0005806619366545045
103	0.0005744556394928125
104	0.0005577789840672941
105	0.0005701143054311167
106	0.000561037908505991
107	0.0005458164998655417
108	0.0006299100045242589
109	0.0006309566294735592
110	0.0006692245722127626
111	0.0006533969634683309
112	0.0005918024771151282
113	0.0005918046726427091
114	0.0005913111284918618
115	0.0005854355345030315
116	0.0005957180140338421
117	0.0005968223045994672
118	0.0005915037148778681
119	0.0005621002060863038
120	0.0005620964170912062
121	0.000561440676321153
122	0.0005385424674120186
123	0.0005373972198261845
124	0.00053741332650647
125	0.0005358413127282787
126	0.0005691257468000067
127	0.0005485528483365055
128	0.0005563176156411692
129	0.0005904173610365248
130	0.0007271444338284943
131	0.0007086769586081647
132	0.0007653525382033584
133	0.0007491337480314066
134	0.0007346418437130777
135	0.0010908905510876663
136	0.0008058310484233989
137	0.000902382597066139
138	0.0011437384707601705
139	0.0013090383411233754
140	0.0009548093982930833
141	0.0012265855789885091
142	0.0019032404894309123
143	0.0007688742237401067
144	0.0011019841791926758
145	0.0009436800821178606
146	0.0011744122730224752
147	0.0012385546845049625
148	0.001315061898565521
149	0.0018784164408053384
150	0.0019570775697566167
151	0.001934957049678584
152	0.0020658189784780664
153	0.0019874436823129403
154	0.0018999014823201214
155	0.0018838192511462142
156	0.0012618920466195586
157	0.0018507598579449005
158	0.001125351714888593
159	0.000570305566826463
160	0.0010132345954707148
161	0.0006822977040492497
162	0.00163962745106532
163	0.0018574760805769727
164	0.0016003440455291654
165	0.0011493874658940108
166	0.0013291552472533804
167	0.001570969188622671
168	0.0016645677047056944
169	0.0012630148245723687
170	0.001673579505460984
171	0.001626453725277107
172	0.0016794455551198265
173	0.001375828332212103
174	0.001184742008159857
175	0.0012018772761335998
176	0.00131094028081345
177	0.0011910658760511065
178	0.0011745593636009537
179	0.0012150827453420868
180	0.001141601465805289
181	0.0009217103583975249
182	0.0009558142672088289
183	0.000987365250059988
184	0.001026341854477092
185	0.0009208962104465458
186	0.0009293147645569303
187	0.0009465907034828285
188	0.0010009453384944589
189	0.000945034152196551
190	0.0008309852843134352
191	0.0007117580247898219
192	0.0009021081179824357
193	0.0007979223383484097
194	0.000783327713441821
195	0.0005713705311009321
196	0.0011526929446754757
197	0.0007825604538902911
198	0.0007954532521802262
199	0.0005470653040662688
200	0.0005707445547357101
201	0.0005768502214575193
202	0.0005541840048024647
203	0.0005489647212768846
204	0.0005039692005965478
205	0.0005164320035697332
206	0.00036439282713546017
207	0.0004068689835687106
208	0.00046979625589177026
209	0.000495479435549775
210	0.00047921861125835264
211	0.0005292745070358994
212	0.0006202547635837172
213	0.00043865602871491423
214	0.0005702091812233267
215	0.0008770958141722851
216	0.0005736144705584303
217	0.00104815468745399
218	0.0005322490009078335
219	0.0007859589512265963
220	0.0008850328187838847
221	0.0008787891598888308
222	0.0006815245789793008
223	0.0004913681135304726
224	0.00048748271703656865
225	0.0004148858331750922
226	0.0007153013427350637
227	0.0006822439388026393
228	0.0005497393586423649
229	0.00038880956282912906
230	0.00040664846800212627
231	0.0005424125702797427
232	0.0006893201725005481
233	0.000714220072027129
234	0.0007147324694921272
235	0.0008021225863144108
236	0.0008206890952369958
237	0.000813021059032592
238	0.0004699074146403304
239	0.0007399890748236304
240	0.0007686554176001846
241	0.000737616406836308
242	0.0007873260189238594
243	0.0006890007508257272
244	0.0006448881693273637
245	0.0006013198313943889
246	0.0005503068173134004
247	0.0006686034876322097
248	0.0006714517665038388
249	0.0007396121705762051
250	0.0008040817348967153
251	0.0006768154807010535
252	0.0006550671537474433
253	0.0006533196499408893
254	0.0005994320100015968
255	0.0006380590152025431
256	0.00041432720428802793
257	0.0007908102499799279
258	0.0006294425578983292
259	0.0006893377865388943
260	0.0006613141669615694
261	0.0004714600442687098
262	0.0006825143763435185
263	0.0007606926984605507
264	0.0007527558173917123
265	0.0009439005217952006
266	0.0008683315818010413
267	0.0006607969228452817
268	0.0008998291290784435
269	0.0009204706228303211
270	0.00093914221907627
271	0.0008476013399597191
272	0.0008119290221661252
273	0.0006453512711273291
274	0.0009197046577924066
275	0.0009746692329192661
276	0.0009832277022561273
277	0.0010067460346713643
278	0.0010019192288930829
279	0.0009225962056648258
280	0.0006566537859021763
281	0.0010173943020224245
282	0.0009544060703792653
283	0.0007440652590083251
284	0.0007795413347656186
285	0.0007877050040035164
286	0.00102305462922608
287	0.0010365302863515494
288	0.0006746900763040299
289	0.0007480970718482768
290	0.0009393283436339905
291	0.0006997495631198443
292	0.0008027933196077926
293	0.0008556925407158576
294	0.0009154273192646949
295	0.0008640560443127353
296	0.0009413528928766276
297	0.0006589286472177039
298	0.001036402975986152
299	0.001062874266549673
300	0.0013341150395212388
301	0.0013128430683231327
302	0.0006987007459461747
303	0.00082767897769409
304	0.0005993170464129824
305	0.0010390412584739884
306	0.001089120132390948
307	0.001166630316096224
308	0.0006575135909209535
309	0.0009264574854652588
310	0.0008859577208430435
311	0.000858296575877884
312	0.0005339816334570326
313	0.0003695568237729301
314	0.0003921002204151844
315	0.0004918291872369433
316	0.0009247104278968453
317	0.0010334595278065535
318	0.0011883847596447516
319	0.00115106949657766
320	0.0009458140212968243
321	0.0011780902274756114
322	0.0009585560888656822
323	0.0008120816595438416
324	0.000710948643400493
325	0.00034516350891607806
326	0.00046626265917431697
327	0.0005670866233681604
328	0.000500329933399478
329	0.0005322338603560418
330	0.0006135581582094381
331	0.0009409976848978847
332	0.00047549590835366056
333	0.000811234216448987
334	0.00048628928245968416
335	0.0008764135120924079
336	0.001022638759300999
337	0.00047967089179879087
338	0.0011939360346665498
339	0.0004923509763530463
340	0.0011626686285229173
341	0.0011964220773005307
342	0.0012022392792165246
343	0.0011113924524400103
344	0.0010826152688058822
345	0.0011095828633498602
346	0.00113272155376206
347	0.000783829137374752
348	0.0007667579282059083
349	0.001038697814867678
350	0.00039427819735489975
351	0.0008232079631740483
352	0.0010466169329557582
353	0.0010008922531622646
354	0.0010521875208843324
355	0.0010794457303064829
356	0.0011019738284511436
357	0.0010932882858674775
358	0.0008123929674908233
359	0.0008286501097328382
360	0.0010899755088370714
361	0.0008636206759598691
362	0.0008431373328780247
363	0.0010601092856234022
364	0.00045883960385204573
365	0.0008383249561063477
366	0.0008365616505896956
367	0.000858524053542206
368	0.00045575219682102576
369	0.00046702391859766956
370	0.0008220202277425869
371	0.0006342361935483868
372	0.0006058855442017759
373	0.0005800316113510768
374	0.0006568529641086198
375	0.0005678827181940639
376	0.0006608531405148629
377	0.001217277263369614
378	0.0006312232211575298
379	0.0005248589879076966
380	0.0007844075943992875
381	0.0008483098530115919
382	0.0011708524151602775
383	0.0009806204528850055
384	0.0009286945832016754
385	0.0005511364449491706
386	0.0006277203717840678
387	0.0007173943640304798
388	0.0010687221116336563
389	0.001085817304857727
390	0.0006619303398226977
391	0.0010877366703759877
392	0.001083215422582474
393	0.0010186432248829
394	0.0009144460115196358
395	0.0010055350339653708
396	0.0007622893232931307
397	0.0005761301602293179
398	0.0005778250297799797
399	0.0004957588966961778
400	0.0005061955786063138
401	0.0005189805436125772
402	0.000594497463309039
403	0.0010259704015748846
404	0.0006513467804503517
405	0.0008326507556210262
406	0.0007908327000379479
407	0.0008171534083904546
408	0.0007328024093235806
409	0.0008636238073281386
410	0.0008189745170970767
411	0.0006679040383534976
412	0.0008903565054775961
413	0.000583578003610859
414	0.0009237485443033525
415	0.0009459168690359959
416	0.0007563271382248354
417	0.0007144538057209574
418	0.0007671432012152617
419	0.0007438579593552065
420	0.0008423182342587386
421	0.0007381140108501547
422	0.0007518637056399198
423	0.0008094975888060605
424	0.0008426488544424594
425	0.0009149031532683446
426	0.0005314787163608139
427	0.000711564245642505
428	0.001139564164472849
429	0.0005797760621708558
430	0.0010392315652835674
431	0.0008646699415144284
432	0.0008294336861005073
433	0.0007791204095856226
434	0.0008329138524451505
435	0.0008063873199187578
436	0.0007838608908205569
437	0.0005611168895310823
438	0.0008059857488067273
439	0.0008105618640700934
440	0.0006723355451287893
441	0.0006904412632322332
442	0.0008002649699329805
443	0.0007140748979588378
444	0.0007053990166795049
445	0.000625766005782524
446	0.0008485740862838193
447	0.0008948215208503734
448	0.0008503597016323497
449	0.0008410007178602195
450	0.000738840601460544
451	0.0006960226067877899
452	0.0007105714495652066
453	0.0006983188589936815
454	0.000662224718840203
455	0.0009143954548439377
456	0.0009253799164528303
457	0.0008940761231016228
458	0.0007142491938107887
459	0.0010114274753096173
460	0.0009335273252791299
461	0.0009076374889179898
462	0.0004462792434855989
463	0.0008881586082245848
464	0.00045091311132224314
465	0.00060566426954375
466	0.0006329702294951072
467	0.000572658664886518
468	0.00059147809396624
469	0.0006493201439616169
470	0.0006575675202002531
471	0.00040808582345443575
472	0.0005620754597020745
473	0.000586317495784525
474	0.0005653130710263759
475	0.0005873904282994321
476	0.0006490384332850461
477	0.0007249716337077628
478	0.0007823430306509486
479	0.0006423534650474867
480	0.0007480204348746398
481	0.0006312829071784347
482	0.000737342121444536
483	0.0008012074353294155
484	0.0006831821935219531
485	0.000911608304810921
486	0.0006801842909755321
487	0.0007940123722360294
488	0.0008328584271828989
489	0.0005665103196584107
490	0.000582804081913716
491	0.0006720300351120828
492	0.0008387609933544458
493	0.0008759446564566866
494	0.0008377155570321131
495	0.001000863976981545
496	0.0009250400474547297
497	0.00099850574877676
498	0.0008518241663694025
499	0.0010103639575108315
500	0.0012207110538907803
501	0.0009759859888770566
502	0.0011174652229562782
503	0.0006524876855004716
504	0.0007455125095618688
505	0.001145101251392536
506	0.0007102788650033539
507	0.0006146459366959768
508	0.000999050823762088
509	0.0009381813064730476
510	0.0010426239298592078
511	0.0010612651586997671
512	0.0009887862871616685
513	0.0008965609525185624
514	0.0009688969517730295
515	0.0009795913740457234
516	0.0009784419395282304
517	0.0010134096088978456
518	0.000658268020705429
519	0.0006003606460328816
520	0.0006727202733609063
521	0.0006075856685530602
522	0.000620239509175395
523	0.0004870052080500563
524	0.0005941815753616819
525	0.00044398222325939593
526	0.00041468888867002773
527	0.000551822048047724
528	0.00081658409433382
529	0.0010287490260592147
530	0.0010433078697718132
531	0.000570921151824539
532	0.0008736947542016101
533	0.0009859162518537409
534	0.0006875324168217369
535	0.0006791997375756052
536	0.0009777290940826946
537	0.0008864500636244413
538	0.0008330871161808776
539	0.0008275151885536089
540	0.0005891585228506265
541	0.0007288614650748603
542	0.000843561387634565
543	0.0008283608710397642
544	0.0008343122897496172
545	0.0009390411803613533
546	0.0008709203273757351
547	0.0008693868580988729
548	0.0008193589448471806
549	0.0007548191752466166
550	0.0008313276057690551
551	0.0006975578336573205
552	0.0007094454234131963
553	0.0006330188664058162
554	0.0007820727241873904
555	0.0006242689002410931
556	0.0004056164418360637
557	0.0006335113772648382
558	0.0007253061257855129
559	0.0006089484735207189
560	0.0006748887764022439
561	0.0007730911777488563
562	0.0007257738938802955
563	0.0006200618108468099
564	0.0005758153922952283
565	0.0007049909667393111
566	0.000701896620715047
567	0.00045633083243611235
568	0.0007225854768306002
569	0.0006109540865935236
570	0.0004741807921164463
571	0.0007707557696712336
572	0.000753787639558014
573	0.0006519550175172175
574	0.0005019396142256486
575	0.0005915984681670949
576	0.0006903565063000446
577	0.0006927575178612658
578	0.0007236921562853677
579	0.000748735153207238
580	0.0007496033965120224
581	0.0007894543261080467
582	0.00083138994193969
583	0.0007949938326904027
584	0.0008071068173725038
585	0.0008349013280373177
586	0.0007878517851420143
587	0.0007836155363772495
588	0.0005171867994631025
589	0.0006544936059783248
590	0.0006067947411612823
591	0.0007762886725718133
592	0.0009260964435514147
593	0.001377436432824082
594	0.0008364215146419555
595	0.001333393334862397
596	0.0007461820207606303
597	0.0008164834891155419
598	0.0011855456519589951
599	0.0014745980672646046
600	0.0013679442619825189
601	0.0015037560264333553
602	0.0012318374302572699
603	0.001383556909435327
604	0.0012919245901879192
605	0.0010536544094448342
606	0.001323477172169332
607	0.0008671135619263401
608	0.0009386073268988765
609	0.0014440289206496522
610	0.0010354786349962744
611	0.0010231993075358143
612	0.0009726409940991354
613	0.00070091180488148
614	0.0007975532306358058
615	0.0006946604855668637
616	0.0004332155919673743
617	0.0008464419388923252
618	0.0008840079844952721
619	0.0005267073671997285
620	0.0005125898333963589
621	0.00039962704444877767
622	0.0008724935757937818
623	0.0006656108630423621
624	0.0007395197292292679
625	0.0008252468373584604
626	0.0008213167381656574
627	0.0006372140826456641
628	0.00048153099411255045
629	0.0009119370473341763
630	0.0009156163654628338
631	0.0005714851068242561
632	0.0006682187407928672
633	0.000804929090726945
634	0.0007838849091081219
635	0.0005659498652431365
636	0.0005431744072931931
637	0.0007796831095372269
638	0.000516197153835777
639	0.0004988359240140561
640	0.0007787147115339638
641	0.0007918033986617639
642	0.0008170944912210189
643	0.0006903969143312874
644	0.0007279734394428188
645	0.0007567234189710337
646	0.0007836305024551376
647	0.000652833805999486
648	0.0008185710743143309
649	0.0006984030148893957
650	0.0007497105670520993
651	0.0005678419496425232
652	0.0007496796397396825
653	0.0008537638746988809
654	0.000574667502660743
655	0.0005817987041168343
656	0.0006321857049475626
657	0.0005912900604674034
658	0.0006300454060354705
659	0.0005212821945653942
660	0.000564517076909102
661	0.0005182637808676155
662	0.0005504044225164692
663	0.0007702225667678647
664	0.0006536023423540439
665	0.0006686887260706466
666	0.0005503362213360415
667	0.0005186418163051703
668	0.0004943182181601841
669	0.0007027829305282931
670	0.0005188643353889723
671	0.0005850242760777351
672	0.00044197572295398633
673	0.00048501679337355073
674	0.00048787544536302784
675	0.0005082979992711777
676	0.0005897975696067858
677	0.0005214775072654366
678	0.0005488013768475974
679	0.0005481552305722063
680	0.000569703668221098
681	0.0005392376221114496
682	0.0005159589524880616
683	0.0005804757146180921
684	0.0006739631538983539
685	0.0006137200305577489
686	0.0007668816680839019
687	0.0006574766271400074
688	0.0007888653193407059
689	0.0007636295376765347
690	0.0008051659073910617
691	0.0007892581466559946
692	0.0007785350008045897
693	0.0007132248344586478
694	0.00045717721635535666
695	0.0008109793905016175
696	0.0007657058441347781
697	0.0009329242981814515
698	0.0008638878078883743
699	0.00105462680360248
700	0.0009678009884549031
701	0.0009550180753044201
702	0.0008543581162874382
703	0.0005379094548816743
704	0.0008363835975538026
705	0.0007112636449511732
706	0.0005737604701847844
707	0.0009631442426569532
708	0.00082521733080299
709	0.0009970545300617114
710	0.0009608037226887513
711	0.0010216779356685872
712	0.0009373177765286792
713	0.0010132305158393146
714	0.0007009927346245696
715	0.0008566812249318456
716	0.0008394148984586223
717	0.0009995566054617744
718	0.0010518423846921617
719	0.0007496158803759796
720	0.0009672079738986903
721	0.0007652583034696664
722	0.0008726867145690693
723	0.0006877779177502354
724	0.0006145871283939841
725	0.0005387518216765986
726	0.0005576683667326206
727	0.0005352145485948973
728	0.0006263097400610426
729	0.0006777378261569477
730	0.0009362777257764786
731	0.0007719216752900741
732	0.0007876426266240629
733	0.0007490744402053697
734	0.0007538702568219543
735	0.0005842883058238388
736	0.0007036862890656158
737	0.0006588088495033183
738	0.0007004549507700969
739	0.0006299622923383406
740	0.000650904618822859
741	0.0006323060099173985
742	0.0006165222669636986
743	0.0006201006317700066
744	0.0006821890137232826
745	0.0006813183311525953
746	0.00048341402450418345
747	0.0006210424115927263
748	0.0006222735254470549
749	0.0006546429209280193
750	0.0006303243989375611
751	0.0008507150489588263
752	0.0008453853049762235
753	0.0007931089683842238
754	0.0007341778785726144
755	0.0007122604849010249
756	0.0005660152553409349
757	0.0006143090914409049
758	0.0006929024946115092
759	0.0007550292853096731
760	0.0007619003668491164
761	0.00084427182781918
762	0.0008227641808535332
763	0.0007297456700147944
764	0.0007041455405712049
765	0.0007498830590551418
766	0.0007823460365166845
767	0.0007497700612012166
768	0.0007041693578406443
769	0.0007049396466749469
770	0.0007474289499073083
771	0.0007284063812949092
772	0.0007657219294548792
773	0.000776041530273044
774	0.0005449732112070581
775	0.0005579005402124978
776	0.0005784443002645541
777	0.0006890754824583524
778	0.00045781887112719384
779	0.0004671466052993342
780	0.0007346853395403955
781	0.000758215044337459
782	0.0008349809319892003
783	0.0009909214335249797
784	0.0009770960599658676
785	0.0009313339980569987
786	0.0008151106966156926
787	0.0007417853703444385
788	0.0008172127704831603
789	0.0009380165948440868
790	0.0008588509170283917
791	0.0009078271157880729
792	0.0008923403076319656
793	0.0008862640395336758
794	0.0013630275402658413
795	0.0013469367789426757
796	0.0008897843969936333
797	0.001342840908702599
798	0.0014923701214454386
799	0.0013580519136152296
800	0.0013997414099671246
801	0.0015044264982861527
802	0.0014501859164585038
803	0.0014496389743255526
804	0.0014949998545537733
805	0.0014970244930687757
806	0.0015587469547485965
807	0.001558851292903688
808	0.0015588627650408996
809	0.0015588627650408996
810	0.001533830016217533
811	0.0015359807860290875
812	0.001538934256432194
813	0.001539895057170195
814	0.001540290883905026
815	0.0015340518554118813
816	0.0015180041097573687
817	0.0015213133691260637
818	0.0015215664188531518
819	0.0015215664188531518
820	0.001519864497101479
821	0.0015277851861024113
822	0.0015277851861024113
823	0.0015277851861024113
824	0.0017990934780425603
825	0.001800736950600204
826	0.0018534996836689366
827	0.0020325254816437694
828	0.0020325252908449617
829	0.001359831580385686
830	0.0013428626129492654
831	0.0013836334236499073
832	0.0010657094877680078
833	0.0010657094877680078
834	0.0010643777946201978
835	0.0006713717373238314
836	0.0006669790110367458
837	0.00066790631571087
838	0.0006820177455671311
839	0.0006796682115020642
840	0.0006735777854493505
841	0.0006661986411533945
842	0.0008801814549151149
843	0.0008807994541712039
844	0.0008711757519509966
845	0.0008707656648611809
846	0.0008652564682939433
847	0.0008652591916183056
848	0.0008607238177538054
849	0.000879239474194358
850	0.0008817019309852328
851	0.0008823579236943847
852	0.0009285577602379929
853	0.0008700075216496934
854	0.0008687543005109096
855	0.0009073290868899907
856	0.0009084488092456761
857	0.0009131826475739835
858	0.0009630672369227942
859	0.0009630105977564704
860	0.0009533334159574641
861	0.0008377238646242929
862	0.0008528922042405754
863	0.0008528922042405754
864	0.0008528922042405754
865	0.0008740392116563029
866	0.0010573086032330326
867	0.0010601390723695243
868	0.001061262530350971
869	0.0009732462725376312
870	0.0010286612482287186
871	0.0012279271837367036
872	0.0008678096908420142
873	0.0008885700276599451
874	0.0007711003246637572
875	0.0008246178240604087
876	0.0008103164933574782
877	0.0008103164933574782
878	0.0008103164933574782
879	0.0008103164933574782
880	0.0008103164933574782
881	0.0008103164933574782
882	0.0013452119716874198
883	0.0012024225225379054
884	0.0012020539605127997
885	0.001159599889574703
886	0.00116145791918974
887	0.0011614800678871242
888	0.0010438845328545963
889	0.0010665982111130194
890	0.0010690306750029326
891	0.0010879077666896952
892	0.000920984112288062
893	0.0009225135080740912
894	0.0009225135080740912
895	0.0009220803584525221
896	0.0009251856686131658
897	0.0009251856686131658
898	0.0009188870776188283
899	0.0008983291695520755
900	0.0009212015198019344
901	0.0009211897968379715
902	0.0009988234658140532
903	0.0009988234658140532
904	0.0009988234658140532
905	0.0008470777536786882
906	0.0008470702402429409
907	0.000850840132227263
908	0.0007787930938426995
909	0.0007741507544488367
910	0.0007614223007948433
911	0.0007835624764721183
912	0.0007746367040527761
913	0.0007755127259243903
914	0.0007964444333380331
915	0.000793126198987944
916	0.0007856528570886874
917	0.0007805136899737878
918	0.001042749759172719
919	0.001047814109971784
920	0.0010350788981582852
921	0.001035088283583827
922	0.0010347411385096394
923	0.0011465377843380845
924	0.0008238670460195568
925	0.0008238670460195568
926	0.0008168046428015432
927	0.0008196840901028576
928	0.0008264399135339229
929	0.0008323392214606911
930	0.000776862453846104
931	0.00095249303520476
932	0.0008732539098786728
933	0.000843302121330135
934	0.0008418240077139477
935	0.0008310371680291827
936	0.0008245815083346028
937	0.0008158005171040747
938	0.0008150998614741813
939	0.0007785649885176018
940	0.0008677565402571867
941	0.0008136437163172148
942	0.0007725793444030137
943	0.0007987797778308248
944	0.0007981456204492091
945	0.0008454514592748496
946	0.0008416548196828118
947	0.0007598330192930175
948	0.0007605996286731124
949	0.0007601528303358258
950	0.0007601464039201997
951	0.0007539982145598078
952	0.000770677121874782
953	0.0007352571440846162
954	0.0007468526822597257
955	0.0007517326906716253
956	0.0007538843482116741
957	0.0007545423145083462
958	0.0007534859970350372
959	0.0007534646450426159
960	0.0007452823753538189
961	0.0007452284997563582
962	0.0007764256864240481
963	0.000754605216668019
964	0.000750906503239852
965	0.0007521082691304803
966	0.0007366508205713147
967	0.0007362592223427139
968	0.0007381661565002825
969	0.0007267227756528737
970	0.000720753528659486
971	0.0007256252263743178
972	0.0008292397509396701
973	0.0008377223265550595
974	0.000801976643575155
975	0.0008021949646224149
976	0.0008041369697057407
977	0.0008008050422749902
978	0.0008009694045734847
979	0.0008009613253041201
980	0.0007412882665766611
981	0.0007435809293115747
982	0.0007420297536179012
983	0.0007918177228056255
984	0.0007917631134498138
985	0.0008328107352480822
986	0.0008309331483458584
987	0.001095663554505911
988	0.001119108301240248
989	0.001119108301240248
990	0.0011275768979049788
991	0.0011275768979049788
992	0.0011276099694957713
993	0.0011610398571230522
994	0.0011610398571230522
995	0.0008040890259396346
996	0.0008817706595089229
997	0.0008760060908023105
998	0.0008760060908023105
999	0.0009013716096841419
1000	0.0009013716096841419
1001	0.0014549644973746124
1002	0.001437779650129036
1003	0.0015261232759014294
1004	0.0015265366638926125
1005	0.0013877722850556167
1006	0.0014039314473693262
1007	0.0013136624511266692
1008	0.0014320036195311612
1009	0.0016654308819758913
1010	0.0024308845687564195
1011	0.0024308845687564195
1012	0.0024308845687564195
1013	0.0023089048934467654
1014	0.0022973678744305517
1015	0.002296388219815326
1016	0.002296388219815326
1017	0.002294955608199779
1018	0.0015594414821414322
1019	0.0015594414821414322
1020	0.0015594248780891557
1021	0.0023856659165890455
1022	0.0023856659165890455
1023	0.0023841162427579517
1024	0.002384116095022214
1025	0.002384116095022214
1026	0.0021703472814473997
1027	0.0022714822759612625
1028	0.0022714822759612625
1029	0.0022734670651970864
1030	0.0022734670651970864
1031	0.002272105597328116
1032	0.002255131805572564
1033	0.002255151471270795
1034	0.002254934771761882
1035	0.002257108580453768
1036	0.002600217484570909
1037	0.00260167089274705
1038	0.0026369187467505896
1039	0.0026369187467505896
1040	0.0026369187467505896
1041	0.0026369710593155404
1042	0.0026369710593155404
1043	0.0026028089759971827
1044	0.0026028089759971827
1045	0.0026028089759971827
1046	0.0026028089759971827
1047	0.0026028089759971827
1048	0.0025877620680682155
1049	0.0025877620680682155
1050	0.0025883165279023995
1051	0.0025883165279023995
1052	0.0023362745021101848
1053	0.002335536507082931
1054	0.0021538085624909762
1055	0.0021538085624909762
1056	0.0020900548648188325
1057	0.001477391120892958
1058	0.0014716167524062992
1059	0.0014818368331217223
1060	0.0015090918961005238
1061	0.0015148662645871826
1062	0.0015148662645871826
1063	0.0015148662645871826
1064	0.0015210195379322046
1065	0.0015060491725733182
1066	0.0014972174240747889
1067	0.0014972174240747889
1068	0.0014972174240747889
1069	0.0014972174240747889
1070	0.0014972457234993
1071	0.0014987139772105827
1072	0.0015022910632207698
1073	0.0015022910632207698
1074	0.0015022910632207698
1075	0.0008992024945808696
1076	0.0009470189692848434
1077	0.0009627958955532037
1078	0.0009633285061031832
1079	0.0009633285061031832
1080	0.0010055544140877928
1081	0.0010043993116920186
1082	0.001003620344276384
1083	0.0012943340992978304
1084	0.0012943340992978304
1085	0.0025682074735655057
1086	0.0025682074735655057
1087	0.0025689441231293805
1088	0.0025689441231293805
1089	0.0025894736429147567
1090	0.0025894736429147567
1091	0.0024415694452056577
1092	0.002439335995966084
1093	0.002439402552178894
1094	0.002680937875286877
1095	0.0026878853650930167
1096	0.0026895741249908785
1097	0.002689738145009031
1098	0.0026871999101992735
1099	0.0026914825217000085
1100	0.0026180343763182144
1101	0.0026180343763182144
1102	0.001954707714428579
1103	0.001954707714428579
1104	0.0019495966260783867
1105	0.0019495966260783867
1106	0.0019460670013365948
1107	0.00192786316701067
1108	0.001969179691736216
1109	0.001963148847595781
1110	0.001963148847595781
1111	0.001949129825050811
1112	0.001954204561806045
1113	0.0019562950008698964
1114	0.0019562950008698964
1115	0.0019434496043143606
1116	0.0019434496043143606
1117	0.0019434496043143606
1118	0.0019434496043143606
1119	0.0019442810589770365
1120	0.0017644698050620201
1121	0.0017507222370857797
1122	0.00175032119008529
1123	0.0017571703724436002
1124	0.0017571703724436002
1125	0.001757575324656602
1126	0.0017576001508083693
1127	0.0019380633013400008
1128	0.001938060324238506
1129	0.0019380597649935405
1130	0.001936315276503566
1131	0.0019143499554289485
1132	0.0009567175365342471
1133	0.0009565646195851836
1134	0.0009565834246656849
1135	0.0009565785231233497
1136	0.0009803033546540347
1137	0.000980402090571581
1138	0.0009804218418091044
1139	0.0009799805940323395
1140	0.0010024782077337187
1141	0.0010064957455342485
1142	0.0010064957455342485
1143	0.0010065099737481015
1144	0.0009821088067978945
1145	0.0010166694400814556
1146	0.0011869216682315505
1147	0.0011755283042998751
1148	0.001222353902677995
1149	0.0011768356581760987
1150	0.0011771533982402257
1151	0.0011691771960480395
1152	0.0011691771960480395
1153	0.0012592690164797732
1154	0.0015114225273805226
1155	0.0015114225273805226
1156	0.0015114225273805226
1157	0.0014967500404692144
1158	0.0014922741487764066
1159	0.0014922741487764066
1160	0.001486803206901837
1161	0.0013937509668014382
1162	0.0020069336239662687
1163	0.0020088479491080554
1164	0.002008673237654648
1165	0.002237142056978155
1166	0.0023977445847545185
1167	0.002385246031851614
1168	0.002381058417680392
1169	0.002396415346078141
1170	0.0023656828911138854
1171	0.0023656828911138854
1172	0.0023656828911138854
1173	0.0023656828911138854
1174	0.0023656828911138854
1175	0.0023656828911138854
1176	0.0023656828911138854
1177	0.0023689136908910747
1178	0.0023620174443168005
1179	0.0023620142906081746
1180	0.002359522527711866
1181	0.0023664187742861403
1182	0.002434315071691866
1183	0.0024322324565486646
1184	0.0024322318846212955
1185	0.0024322318846212955
1186	0.002430839579198006
1187	0.0024502430628370606
1188	0.002448501815022045
1189	0.0024579796849390446
1190	0.002456491339860719
1191	0.0024411144824872185
1192	0.0024407523005075473
1193	0.002441195911813846
1194	0.0024300372136797812
1195	0.002466514778299351
1196	0.002466514778299351
1197	0.002519405629560086
1198	0.002519405629560086
1199	0.002519405629560086
1200	0.002519405629560086
1201	0.002519405629560086
1202	0.0024240534717094213
1203	0.002424296910803333
1204	0.002424019094252955
1205	0.0024638448039601417
1206	0.0024638448039601417
1207	0.0024638448039601417
1208	0.0023394626382028127
1209	0.002209094500989222
1210	0.002209094500989222
1211	0.0022120467626475264
1212	0.0024734188954002633
1213	0.0024734188954002633
1214	0.0024734188954002633
1215	0.0024734188954002633
1216	0.0021474754643857597
1217	0.0021474754643857597
1218	0.0021474754643857597
1219	0.0021474754643857597
1220	0.0021474754643857597
1221	0.0021474754643857597
1222	0.0021474754643857597
1223	0.0021473954777690993
1224	0.0021473954777690993
1225	0.0021473954777690993
1226	0.0021459853210295727
1227	0.002187659156928236
1228	0.002187659156928236
1229	0.002187659156928236
1230	0.002201729196385048
1231	0.002201729196385048
1232	0.0019576528425153663
1233	0.0019575975236053272
1234	0.0019536969056661076
1235	0.0019438485578856938
1236	0.0019312735433245796
1237	0.0019312735433245796
1238	0.0019262985647548645
1239	0.001932042723783646
1240	0.0019278392515323331
1241	0.0019278392515323331
1242	0.0019278392515323331
1243	0.0019279091561758767
1244	0.0019279091561758767
1245	0.001927281111708677
1246	0.001927281111708677
1247	0.0019272811103998326
1248	0.001927280805777185
1249	0.0019452617323766019
1250	0.0019452617323766019
1251	0.0019452617323766019
1252	0.001945261755910903
1253	0.0019355708859202917
1254	0.0019941943378624922
1255	0.001958655016828481
1256	0.001958652474257701
1257	0.001957017839808261
1258	0.0019569001358885132
1259	0.001957102965406329
1260	0.001957102965406329
1261	0.0019475972335036443
1262	0.0019475957146624597
1263	0.0019460969170544652
1264	0.0019637875503549325
1265	0.0019641017435014195
1266	0.0019240101576271367
1267	0.0019240101576271367
1268	0.0019284959043107503
1269	0.0019284959043107503
1270	0.001928398128116043
1271	0.001928398128116043
1272	0.0019309322695729985
1273	0.0019239696295975592
1274	0.001913058387513501
1275	0.001913058387513501
1276	0.0018858520602713686
1277	0.0018858343390169006
1278	0.001886306410158783
1279	0.0018861411763160642
1280	0.001886330957514951
1281	0.001886330957514951
1282	0.001886330957514951
1283	0.0019110818031641398
1284	0.0019110818031641398
1285	0.0019110818031641398
1286	0.0019110818031641398
1287	0.0017490314920155685
1288	0.0017490314920155685
1289	0.0017286507495496504
1290	0.0017286507495496504
1291	0.0019545302155966394
1292	0.0019545302155966394
1293	0.0021497009139246066
1294	0.002154341756606432
1295	0.0021543442601882905
1296	0.0021543442601882905
1297	0.002154291527566655
1298	0.002154291527566655
1299	0.002154291527566655
1300	0.0021544723550471117
1301	0.002154469819215328
1302	0.002154897773549405
1303	0.00192933355110837
1304	0.001951251931569731
1305	0.0019511033345690017
1306	0.0019511033345690017
1307	0.001951124761667842
1308	0.001951124761667842
1309	0.0019452213839541506
1310	0.0019452213839541506
1311	0.0019244694360201345
1312	0.0019244703521947145
1313	0.001910440346607134
1314	0.0019313846219361015
1315	0.0019313969393120016
1316	0.0019313969393120016
1317	0.001957721421431238
1318	0.001957651063435615
1319	0.0019888015712845415
1320	0.0019888015712845415
