Start 1-th experiment.
0	0.00311790397983294
1	0.001377872452213175
2	0.0009564390917743719
3	0.0009008551037768205
4	0.0009128685456483887
5	0.0011071482901698036
6	0.0010861713480825174
7	0.0007766942802274889
8	0.0008005574624868532
9	0.0007920175758963928
10	0.0007023673381376225
11	0.0008144459026413852
12	0.0008356455285098402
13	0.0007456806030927865
14	0.0007186664447337911
15	0.0006609492366250354
16	0.0006601160272920083
17	0.0006786268064182265
18	0.0006897585376103888
19	0.0006740679809554479
20	0.000641877693343403
21	0.0015803498560934734
22	0.001479857456468849
23	0.001040751225878887
24	0.000982409236192261
25	0.0009812585906594272
26	0.0009072903121250117
27	0.0008468290495847751
28	0.0008450457402589634
29	0.0008330075708255115
30	0.000834159590681367
31	0.0008013561507166949
32	0.0008040893822931244
33	0.0007517763987931079
34	0.0007512750287195892
35	0.0007512156851782394
36	0.0007457488835972993
37	0.0007467150308347958
38	0.0007463168437271157
39	0.0007151976000944053
40	0.000715297056956477
41	0.000715297056956477
42	0.0007153409066517988
43	0.0007093733225911543
44	0.0007049200288397247
45	0.000704920096482674
46	0.0007049208879588702
47	0.0007022681404558863
48	0.0006928571546999056
49	0.0006896020637708483
50	0.0006896020637708483
51	0.0006896020637715784
52	0.0006896063912817837
53	0.0006896063912817837
54	0.0006896063912817837
55	0.0006889564848420903
56	0.0006889564882602066
57	0.0006966880035383962
58	0.0006881379447761403
59	0.0006881379447761403
60	0.0006045452347261999
61	0.0006012222212778447
62	0.0005993843894118184
63	0.0005993843894118184
64	0.0005993843894118184
65	0.0005993843894118184
66	0.0005993843894118184
67	0.000599112631070328
68	0.000599112631377295
69	0.0005991126338113388
70	0.0005991126338113388
71	0.0005991010602786536
72	0.0005991010602790172
73	0.0005991010602790172
74	0.000599101060279243
75	0.000599101060279243
76	0.000601552203183556
77	0.0006015521628662592
78	0.0006015521628662592
79	0.0005828836090328695
80	0.0005828836090328695
81	0.0005828836090328695
82	0.0005828836090328695
83	0.0005828836090328695
84	0.0005828836090328695
85	0.0005828836090328695
86	0.0005828836090328695
87	0.0005828836090169589
88	0.0005828836090169589
89	0.0005828836090169589
90	0.0005828836090169589
91	0.0005828836090169589
92	0.0005828836090169589
93	0.0005828836090169589
94	0.0005828836090169589
95	0.0005828836090169589
96	0.0005795548690657071
97	0.0005795548690657071
98	0.0005795548690657071
99	0.0005795548694131262
100	0.0005795548694131262
101	0.0010424134365805645
102	0.0010567723394865024
103	0.001059687742638362
104	0.0008839375203855191
105	0.0008648349158422196
106	0.0008419914834830075
107	0.0008412142190572973
108	0.0008412142190572973
109	0.0008699784255896026
110	0.0008292403853855454
111	0.0008289349987618234
112	0.0008289349987618234
113	0.0008241536793934615
114	0.0008241536793934615
115	0.0008275102292128968
116	0.0008275102292128968
117	0.0007698837742699824
118	0.0007637725452313202
119	0.0007637725452313202
120	0.0007620982710871047
121	0.0007620982710871047
122	0.0007620982710871047
123	0.0007620982710871047
124	0.0007499287666860009
125	0.0007499287666860009
126	0.0007499287666860009
127	0.0007499287666860009
128	0.0007499287666860009
129	0.0007499287666860009
130	0.0007499287666860009
131	0.0007499287666860009
132	0.0007499287666860009
133	0.0007499287666860009
134	0.0007499287666860009
135	0.0007499287666860009
136	0.0007630183399262257
137	0.0007630183399262257
138	0.0007630183399262257
139	0.0007630183399262257
140	0.0007630183399262257
141	0.0007655965177227988
142	0.0007655965177227988
143	0.0007655965177227988
144	0.0007655965177227988
145	0.0007654603297425278
146	0.0007654603297425278
147	0.0007654603297425278
148	0.0007654603297425278
149	0.0007654603297425278
150	0.0007654603297425278
151	0.0007654603297425278
152	0.0007654603297425278
153	0.0007654603297425278
154	0.0007654603297425278
155	0.0007654603297425278
156	0.0007654603297425278
157	0.0007654603297425278
158	0.0007650837411218751
159	0.0007650837411218751
160	0.0007650837411218751
161	0.0007650837411218751
162	0.0007650837411218751
163	0.0007650837411218751
164	0.0007650837411218751
165	0.0007650837411218751
166	0.0007650837411218751
167	0.0007650837411218751
168	0.0007650837411218751
169	0.0007650837411218751
170	0.0007650837411218751
171	0.0007639174934119583
172	0.0007639174934119583
173	0.0007639174934119583
174	0.000761624536327322
175	0.000761624536327322
176	0.000761624536327322
177	0.0006770777088589814
178	0.0006770777088589814
179	0.0006770777088589814
180	0.0006770777088589814
181	0.0006770777088589814
182	0.0006770777088589814
183	0.0006770777088589814
184	0.0006770777088589814
185	0.0006770777088589814
186	0.0006770777088589814
187	0.000677341860573106
188	0.000677341860573106
189	0.000677341860573106
190	0.000677341860573106
191	0.000677341860573106
192	0.000677341860573106
193	0.000677341860573106
194	0.000677341860573106
195	0.000677341860573106
196	0.000677341860573106
197	0.000677341860573106
198	0.000677341860573106
199	0.000677341860573106
200	0.000677341860573106
201	0.000677341860573106
202	0.000677341860573106
203	0.000677341860573106
204	0.000677341860573106
205	0.000677341860573106
206	0.000677341860573106
207	0.000677341860573106
208	0.000677341860573106
209	0.000677341860573106
210	0.000677341860573106
211	0.000677341860573106
212	0.000677341860573106
213	0.000677341860573106
214	0.000677341860573106
215	0.000677341860573106
216	0.000677341860573106
217	0.000677341860573106
218	0.000677341860573106
219	0.000677341860573106
220	0.000677341860573106
221	0.000677341860573106
222	0.000677341860573106
223	0.000669194618654941
224	0.000669194618654941
225	0.000669194618654941
226	0.000669194618654941
227	0.0006625682356600943
228	0.0006625682356600943
229	0.0006625682356600943
230	0.0006625682356600943
231	0.0006625682356600943
232	0.0006625682356600943
233	0.0006625682356600943
234	0.0006625682356600943
235	0.0006625682356600943
236	0.0006625682356600943
237	0.0006601724376114914
238	0.0006601724376114914
239	0.0006601724376114914
240	0.0006601724376114914
241	0.0006601724376114914
242	0.0006601724376114914
243	0.0006601724376114914
244	0.0006601724376114914
245	0.0006601724376114914
246	0.0006601724376114914
247	0.0006601724376114914
248	0.0006601724376114914
249	0.0006601724376114914
250	0.0006601724376114914
251	0.0006601724376114914
252	0.0006577422093627252
253	0.0006577422093627252
254	0.0006577422093627252
255	0.0006577422093627252
256	0.0006577422093627252
257	0.0006577422093627252
258	0.0006577422093627252
259	0.0006577422093627252
260	0.0006577422093627252
261	0.0006577422093627252
262	0.0006577422093627252
263	0.0006577422093627252
264	0.0006577422093627252
265	0.0006577422093627252
266	0.0006577422093627252
267	0.0006573951247735719
268	0.0006573951247735719
269	0.0006573951247735719
270	0.0006565937846423406
271	0.0006565937846423406
272	0.0006565937846423406
273	0.0006565937846423406
274	0.0006565937846423406
275	0.0006565937846423406
276	0.0006565937846423406
277	0.0006565937846423406
278	0.0006565937846423406
279	0.0006565937846423406
280	0.0006565937846423406
281	0.0006565937846423406
282	0.0006565937846423406
283	0.0006565937846423406
284	0.0006565937846423406
285	0.0006565937846423406
286	0.0006565937846423406
287	0.0006565937846423406
288	0.0006565937846423406
289	0.0006565937846423406
290	0.0006565937846423406
291	0.0006565937846423406
292	0.0006565937846423406
293	0.0006565937846423406
294	0.0006565937846423406
295	0.0006565937846423406
296	0.0006565937846423406
297	0.0006565937846423406
298	0.0006565937846423406
299	0.0006565937846423406
300	0.0006565937846423406
301	0.0006605938722487016
302	0.0006680516998772231
303	0.0006618505861391437
304	0.0007267184988788031
305	0.0007393322498197308
306	0.0007393322498197308
307	0.0007393322498197308
308	0.0007393322498197308
309	0.0007393322498197308
310	0.0007440852555844541
311	0.0007440852555844541
312	0.0007440852555844541
313	0.0007440852555844541
314	0.0007440852555844541
315	0.0007440852555844541
316	0.0007440852555844541
317	0.0007440852555844541
318	0.0007440852555844541
319	0.0007440852555844541
320	0.0007440852555844541
321	0.0007440852555844541
322	0.0007440852555844541
323	0.0007440852555844541
324	0.0007440852555844541
325	0.0007440852555844541
326	0.0007440852555844541
327	0.0007440852555844541
328	0.0007440852555844541
329	0.0007440852555844541
330	0.0007440852555844541
331	0.0007440852555844541
332	0.0007365348917941465
333	0.0007365502164831174
334	0.0007365502164831174
335	0.0007365502164831174
336	0.0007365502164831174
337	0.0007432195512793701
338	0.0007432195512793701
339	0.0007432195512793701
340	0.0007427535673823911
341	0.0007427535673823911
342	0.0007427535673823911
343	0.0007427535673823911
344	0.0007429880150013847
345	0.0007429880150013847
346	0.0007429880150013847
347	0.0007429880150013847
348	0.0007429880150013847
349	0.0007429880150013847
350	0.0007429880150013847
351	0.0007429880150013847
352	0.0007429880150013847
353	0.0007429880150013847
354	0.0007429880150013847
355	0.0007429880150013847
356	0.0007429880150013847
357	0.0007429880150013847
358	0.0007429880150013847
359	0.0007429880150013847
360	0.0007429880150013847
361	0.0007429880150013847
362	0.0007429880150013847
363	0.0007429880150013847
364	0.0007429880150013847
365	0.0007429880150013847
366	0.0007429880150013847
367	0.0007429880150013847
368	0.0007358055945763079
369	0.0007358055945763079
370	0.0007358055945763079
371	0.0007358055945763079
372	0.0007358055945763079
373	0.0007358055945763079
374	0.0007358055945763079
375	0.0007358055945763079
376	0.0007358055945763079
377	0.0007358055945763079
378	0.0007358055945763079
379	0.0007358055945763079
380	0.0007358055945763079
381	0.0007358055945763079
382	0.0007358055945763079
383	0.0007358055945763079
384	0.0007357505835241518
385	0.0007357505835241518
386	0.0007357505835241518
387	0.0007357505835241518
388	0.0007357505835241518
389	0.0007357505835241518
390	0.0007357505835241518
391	0.0007357505835241518
392	0.0007357505835241518
393	0.0007357505835241518
394	0.0007357505835241518
395	0.0007357505835241518
396	0.0007357505835241518
397	0.0007342557817462159
398	0.000734255781746216
399	0.000734255781746216
400	0.000734255781746216
401	0.000734255781746216
402	0.000734255781746216
403	0.000734255781746216
404	0.000734255781746216
405	0.000734255781746216
Start 2-th experiment.
0	0.0029851734776893267
1	0.0011374555905291452
2	0.0011025624643422637
3	0.0011558487979750787
4	0.001147565709178372
5	0.0010962615912539606
6	0.0009711690048069796
7	0.0009557844079743581
8	0.0008539724672245319
9	0.0008322226756885902
10	0.0007758159497904429
11	0.0007251940032067955
12	0.0007483215542860016
13	0.0007887741991310752
14	0.0008145274156194478
15	0.0008167451289502444
16	0.0008156527354615684
17	0.0008156847271377827
18	0.0008176815598384743
19	0.0008176908073743252
20	0.0008175085255533041
21	0.0007783948696179134
22	0.000775859077497697
23	0.0007758591151876386
24	0.0007758608670504201
25	0.0007758649062711643
26	0.000771221437998611
27	0.0007411603274285405
28	0.0007366695583628468
29	0.0007810973636603361
30	0.000771459873673012
31	0.0007670921687705513
32	0.0007670921687705513
33	0.0006924173993813897
34	0.0006924194210444006
35	0.0006922665633069046
36	0.0006922689045803634
37	0.0006922688867166068
38	0.0006946214504308882
39	0.000675422175627842
40	0.0006754222438055611
41	0.0006945747942410587
42	0.0006945747942410587
43	0.0006885859621889372
44	0.0006945812005822098
45	0.0006905057324929962
46	0.0006702523474334213
47	0.0006702523499344272
48	0.0006743225603313745
49	0.0006743225603313745
50	0.0006743138655378734
51	0.0006743113550394777
52	0.0006748095907982731
53	0.0006743512273125206
54	0.0006563657241846987
55	0.0006563657241846987
56	0.0006566930622456912
57	0.0006566930545447703
58	0.0006566930545447703
59	0.0006548571749230575
60	0.0006548571712013552
61	0.0006355979223776944
62	0.0006355979223776944
63	0.0006355979415796575
64	0.0006355981080576657
65	0.0006355981050028148
66	0.0006354180078074488
67	0.0006354180078074488
68	0.0006354201260925659
69	0.0006307162722413634
70	0.0006307162722413634
71	0.0006307162722413634
72	0.0006307162722413634
73	0.0006307162702373747
74	0.0006303465523013145
75	0.0006303480146088832
76	0.0006303503468908148
77	0.0006303503468908148
78	0.0006410446122910794
79	0.0006410446122910794
80	0.0006410446122910794
81	0.0006410446122910794
82	0.0006410446122910794
83	0.0006410446122910794
84	0.0006410446122910794
85	0.0006410446069446379
86	0.0006410446069446379
87	0.0006410446020437326
88	0.0006410446020437326
89	0.0006410446020437326
90	0.0006410446020437326
91	0.0006410446020437326
92	0.0006398200514672203
93	0.0006398200516413684
94	0.0006398200516413684
95	0.0006398200516722722
96	0.0006398200516722722
97	0.0006398200516722722
98	0.0006398200516722722
99	0.0006398200516722722
100	0.000645354088564429
101	0.0008236097354249917
102	0.0010809046715285606
103	0.000964774717181103
104	0.0008523654315876369
105	0.000852365436487517
106	0.000848913014429551
107	0.000855868324323981
108	0.000837400808402072
109	0.000837400808402072
110	0.0008374008669647155
111	0.0008373207460277456
112	0.0008373207460277456
113	0.0008372800210622293
114	0.0008372800210622293
115	0.0008370525266242397
116	0.0008370525266242397
117	0.0008370525266242397
118	0.0008375283845451295
119	0.0008375283845451295
120	0.000837420849936515
121	0.000837420849936515
122	0.000837420849936515
123	0.000837420849936515
124	0.000837420849936515
125	0.0008261676472591904
126	0.0008261676472591904
127	0.0008262411652502026
128	0.0008268643743125746
129	0.0008278172614052801
130	0.0008278172614052801
131	0.0008278172614052801
132	0.0008278172614052801
133	0.0008278172614052801
134	0.0008278172614052801
135	0.0008283526762910113
136	0.0008283526762910113
137	0.0008283526762910113
138	0.0008283526762910113
139	0.0008283526762910113
140	0.0008283526762910113
141	0.0008283526762910113
142	0.0008283526762910113
143	0.0008283526762910113
144	0.0008283526762910113
145	0.0008283526762910113
146	0.0008224949101224068
147	0.0008224949101224068
148	0.0008246158247250639
149	0.0008246158247250639
150	0.0008246158247250639
151	0.0008246158247250639
152	0.0008217273351397511
153	0.0008217273351397511
154	0.0008217273351397511
155	0.0008049044956102074
156	0.0008049044956102074
157	0.0008049044956102074
158	0.0008049044956102074
159	0.0008049044956102074
160	0.0008049044956102074
161	0.0008049044956102074
162	0.0008049044956102074
163	0.0008049044956102074
164	0.0008049044956102074
165	0.0008049044956102074
166	0.0008051359712544602
167	0.0008051359712544602
168	0.0008051359712544602
169	0.0008051359712544602
170	0.0008051359712544602
171	0.0008051359712544602
172	0.0008051359712544602
173	0.000804312290137797
174	0.000804312290137797
175	0.000804312290137797
176	0.000804312290137797
177	0.000804312290137797
178	0.000804312290137797
179	0.000804312290137797
180	0.000804312290137797
181	0.000804312290137797
182	0.000804312290137797
183	0.000804312290137797
184	0.000804312290137797
185	0.0008005563261393505
186	0.0008005563261393505
187	0.0008005563261393505
188	0.0008005563261393505
189	0.0007734884118721352
190	0.0007734884118721352
191	0.0007772325412972067
192	0.0007772325412972067
193	0.0007772325412972067
194	0.0007772325412972067
195	0.0007772325412972067
196	0.0007775419128028048
197	0.0007775419128028048
198	0.0007775419128028048
199	0.0007775419128028048
200	0.0007775419128028048
201	0.0007775419128028048
202	0.0007775419128028048
203	0.0007775419128028048
204	0.0007776686456994327
205	0.0007776686456994327
206	0.0007776685382708692
207	0.0007778220871221106
208	0.0007778220871221106
209	0.0007778220871221106
210	0.0007778220871221106
211	0.0007778220871221106
212	0.0007778220871221106
213	0.0007778220871221106
214	0.0007778220871221106
215	0.0007778220871221106
216	0.0007778220871221106
217	0.0007829565440939609
218	0.0007829565440939609
219	0.0007753977334722758
220	0.0007763747084535358
221	0.0007763747084535358
222	0.0007743644520455992
223	0.0007743644520455992
224	0.0007743644520455992
225	0.0007743644520455992
226	0.0007743644520455992
227	0.0007743644520455992
228	0.0007636555683444805
229	0.0007636555683444805
230	0.0007636592679221902
231	0.0007636592679221902
232	0.0007505953570133676
233	0.0007505953570133676
234	0.0007502199050603339
235	0.0007502199050603339
236	0.0007502199050603339
237	0.0007488178378978348
238	0.0007488178378978348
239	0.0007466760428703826
240	0.0007466760428703826
241	0.0007466760428703826
242	0.0007466760428703826
243	0.0007457804150490786
244	0.000745330437755583
245	0.000745330437755583
246	0.0007441524754394172
247	0.0007441524754394171
248	0.0007441524754394171
249	0.0007433526121754947
250	0.0007433590374978104
251	0.0007433590374978104
252	0.0007420748452378475
253	0.0007420748452378475
254	0.0007420748452378475
255	0.0007421278014903969
256	0.0007421278014903969
257	0.0007418841440773109
258	0.0007351189922665198
259	0.0007113552785204254
260	0.0007134906192308079
261	0.0007129730217568679
262	0.0007061896141171663
263	0.0007061896141171663
264	0.0007096747566922388
265	0.0007096747566922388
266	0.0007096747566922388
267	0.0007022457585458091
268	0.0007022457585458091
269	0.0007022457585458091
270	0.0007013032126750237
271	0.0006992889994879524
272	0.000695730662502312
273	0.0006921076201502361
274	0.0006918817911106723
275	0.0006903825969555237
276	0.0006956518242821301
277	0.0006956518242821301
278	0.0006949735334093827
279	0.0006949735334093827
280	0.0006949735334093827
281	0.0006938768648730453
282	0.0006938768648730453
283	0.0006938768648730453
284	0.0006924109950464198
285	0.0006924109950464198
286	0.0006924109950464198
287	0.0006924109950464198
288	0.0006924109950464198
289	0.0006924109950464198
290	0.0006924109950464198
291	0.0006924109950464198
292	0.0006924109950464198
293	0.0006934123443673866
294	0.0006934123443673866
295	0.0006934123443673866
296	0.0006934123443673866
297	0.0006934123443673866
298	0.0006934123443673866
299	0.0006915446143692707
300	0.0006915446143692707
301	0.0006915446143692707
302	0.0006915446143692707
303	0.0006915446143692707
304	0.0006915446143692707
305	0.0006915446143692707
306	0.0006915446143692707
307	0.0006915446143692708
308	0.0006915446143692708
309	0.0006915446143692708
310	0.00069147803748648
311	0.00069147803748648
312	0.0006915213789153198
313	0.0006915213789153198
314	0.0006915542671888101
315	0.0006652927496669384
316	0.0006660544211958009
317	0.0006660544211958009
318	0.0006660544211958009
319	0.0006660544211958009
320	0.0006660544211958009
321	0.00066602647659592
322	0.00066602647659592
323	0.00066602647659592
324	0.0006660327344898598
325	0.0006660069459495593
326	0.0006660069459495593
327	0.0006660778983387007
328	0.0006660843647188596
329	0.0006660843647188596
330	0.0006660843647188596
331	0.0006663034545876372
332	0.0006669168314474137
333	0.0006669168314474137
334	0.0006668209962694797
335	0.0006668209962694797
336	0.0006666680331283189
337	0.0006660353691039969
338	0.0006660353691039969
339	0.0006660353691039969
340	0.0006660353691039969
341	0.0006660353691039969
342	0.0006660353691039969
343	0.0006657009737861303
344	0.0006657009737861303
345	0.0006657009737861303
346	0.0006657014166071253
347	0.0006657014166071252
348	0.0006657014166071252
349	0.0006657014166071252
350	0.0006657014166071252
351	0.0006657014166071252
352	0.0006657014166071252
353	0.0006663191670440583
354	0.0006663191670440583
355	0.0006663191670440583
356	0.0006663191670440583
357	0.0006650913683882313
358	0.0006650913683882313
359	0.0006651925305875023
360	0.0006651925305875023
361	0.0006651925305875023
362	0.0006656410657860223
363	0.0006656002519682654
364	0.0006656002519682654
365	0.0006654429816603184
366	0.0006654429816603184
367	0.0006654429816603184
368	0.0006654429816603184
369	0.0006654429816603184
370	0.0006654429816603184
371	0.0006654429816603184
372	0.0006654429816603184
373	0.0006654429816603184
374	0.0006654429816603184
375	0.0006654298952483032
376	0.0006652851235341274
377	0.0006652707207087018
378	0.0006652707207087018
379	0.0006652707207087018
380	0.0006652774506141396
381	0.0006652774506141396
382	0.0006653068120741559
383	0.0006653068120741559
384	0.0006652167978322428
385	0.0006652169765317564
386	0.0006652169765317564
387	0.0006652169765317564
388	0.0006652169765317564
389	0.0006652169765317564
390	0.0006652169765317564
391	0.0006650162326857042
392	0.0006650162326857042
393	0.0006650162326857042
394	0.0006650162326857042
395	0.0006650162326857042
396	0.0006650162326857042
397	0.0006649306663004732
398	0.0006645514552285184
399	0.0006645514552285184
400	0.0006645514552285184
401	0.0006645514552285184
402	0.0006645514552285184
403	0.0006645514552285184
404	0.0006645514552285184
405	0.0006645514552285184
406	0.0006645514552285184
407	0.0006644685296527995
408	0.0006644685296527995
409	0.0006643694330252686
410	0.0006641412933920645
411	0.0006640713747675404
412	0.0006640713747675404
413	0.0006640713747675404
414	0.0006640713747675404
415	0.0006640713747675404
Start 3-th experiment.
0	0.0030200817004314828
1	0.0020340004146722516
2	0.001404881345607609
3	0.0014475373467791356
4	0.0012284707753129746
5	0.0015408856629101513
6	0.00113284146353276
7	0.0011199458406756977
8	0.0011053536351645936
9	0.0010145367214109558
10	0.0008941565632595604
11	0.0008857252240615368
12	0.0008699915844546451
13	0.0008610275269578885
14	0.0008087105342869343
15	0.0008501940721507516
16	0.0008326792239441768
17	0.0005985968193872609
18	0.0005720110663115619
19	0.0005715948366670354
20	0.0005602127582859138
21	0.0005573987561407306
22	0.000571443243653865
23	0.0005623364540268821
24	0.0005647052671912825
25	0.0005622702342257481
26	0.0005597892150230666
27	0.0005664016816463392
28	0.0005617931946917109
29	0.0005618464525422361
30	0.0005708309199661784
31	0.0005764135160668544
32	0.0005770447433549689
33	0.0007592913508015309
34	0.0007594532303020114
35	0.0007599133564452617
36	0.0007599133564452617
37	0.0007584680769159721
38	0.0007584680769159721
39	0.0006981725001505591
40	0.0006981932089367147
41	0.0006981932089367147
42	0.0006981932089367147
43	0.0006951087898987514
44	0.0006951087898987514
45	0.0006921597904092991
46	0.0006921597904092991
47	0.0006921597904092991
48	0.0006442500527029032
49	0.0006442500527029032
50	0.0006435963559768895
51	0.0006437074774674475
52	0.0006437074774674475
53	0.0006437076118795334
54	0.0006437076118795334
55	0.0006484261243002484
56	0.0006484261243002484
57	0.000650649328482886
58	0.000650649328482886
59	0.0006495794702610504
60	0.0006569731857171952
61	0.0006569731857171952
62	0.0006569731857171952
63	0.0006559002564474718
64	0.0006558249190815699
65	0.0006558249190815699
66	0.0006558249190815699
67	0.0006558249190815699
68	0.0006558249165027667
69	0.0006558248997025217
70	0.0006558248997025217
71	0.0006558248997025217
72	0.0006558248997025217
73	0.0006558248997025217
74	0.0006552230000459858
75	0.0006552138260229363
76	0.0006552138260229363
77	0.0006552138260229363
78	0.0006552138260229363
79	0.0006499727091410809
80	0.0006499727091410809
81	0.000649974085338251
82	0.000649974085338251
83	0.000649974085338251
84	0.000649974085338251
85	0.000649974085338251
86	0.000649974085338251
87	0.000649974085338251
88	0.000649974085338251
89	0.000649974085338251
90	0.000649974085338251
91	0.000649974085338251
92	0.000649974085338251
93	0.000649974085338251
94	0.000649974085338251
95	0.000649974085338251
96	0.000649974085338251
97	0.000649974085338251
98	0.000649974085338251
99	0.000649974085338251
100	0.0006478405709498868
101	0.0007184834794401285
102	0.0007183972239654267
103	0.0007339546989297164
104	0.0007339546989297164
105	0.0007294999167405406
106	0.0008505564171483821
107	0.0009405841331532154
108	0.0009405841331532154
109	0.0009405841331532154
110	0.0009405841331532154
111	0.0009405841331532154
112	0.000799253312892424
113	0.000799253312892424
114	0.0008714398379805712
115	0.0008714398379805712
116	0.0008714398379805712
117	0.0008714398379805712
118	0.0008714398379805712
119	0.0008714398379805712
120	0.0008714398379805712
121	0.0008714398379805712
122	0.0008714398379805712
123	0.0008714398379805712
124	0.0009107937821699329
125	0.0009165531017757887
126	0.0009165531017757887
127	0.0009165531017757887
128	0.0009165531017757887
129	0.0009165531017757887
130	0.0009165531017757887
131	0.0008800017693912926
132	0.000751002310966465
133	0.000751002310966465
134	0.000751002310966465
135	0.000751002310966465
136	0.000751002310966465
137	0.000751002310966465
138	0.000751002310966465
139	0.000751002310966465
140	0.000751002310966465
141	0.000751002310966465
142	0.0006853752104499461
143	0.0006853752104499461
144	0.0006922786435970065
145	0.0006922786435970065
146	0.0006922786435970065
147	0.0006922786435970065
148	0.0006922786435970065
149	0.0006922786435970065
150	0.0006922786435970065
151	0.0006922786435970065
152	0.0006922786435970065
153	0.0006922786435970065
154	0.0006922786435970065
155	0.0006922786435970065
156	0.0006922786435970065
157	0.0006922786435970065
158	0.0006938309599114482
159	0.0006938309599114482
160	0.0006938309599114482
161	0.0006938309599114482
162	0.0006938309599114482
163	0.0006938309599114482
164	0.0006938309599114482
165	0.0007023192341253264
166	0.0007023192341253264
167	0.0007023192341253264
168	0.0007023192341253264
169	0.0007023192341253264
170	0.0007023192341253264
171	0.0007023192341253264
172	0.0007023192341253264
173	0.0007023192341253264
174	0.0007023192341253264
175	0.0007023192341253264
176	0.0006895760291850759
177	0.0006895760291850759
178	0.0006895760291850759
179	0.0007052377201716333
180	0.0007052377201716333
181	0.0007052377201716333
182	0.0007052377201716333
183	0.0007052377201716333
184	0.0007052377201716333
185	0.0007052377201716333
186	0.0007052377201716333
187	0.0007052377201716333
188	0.0007101952448631927
189	0.0007101952448631927
190	0.0007101952448631927
191	0.0007101952448631927
192	0.0007101952448631927
193	0.0007101952448631927
194	0.0007101952448631927
195	0.0007101952448631927
196	0.0007101952448631927
197	0.0007101952448631927
198	0.0007101952448631927
199	0.0007101952448631927
200	0.0007124692953406025
201	0.0007124692953406025
202	0.0007124692953406025
203	0.0007124692953406025
204	0.0007124692953406025
205	0.0007124692953406025
206	0.0007124692953406025
207	0.0007124692953406025
208	0.0007124692953406025
209	0.0007124692953406025
210	0.0007124692953406025
211	0.0007124692953406025
212	0.0007124692953406025
213	0.0007124692953406025
214	0.0007125531160932603
215	0.0007125531160932603
216	0.0007125531160932603
217	0.0007094953397631984
218	0.0007094953397631984
219	0.0007094953397631984
220	0.0007094953397631984
221	0.0007094953397631984
222	0.0007304843224275717
223	0.0007304843224275717
224	0.0007304843224275717
225	0.0007304843224275717
226	0.0007304843224275717
227	0.0007304843224275717
228	0.0007304843224275717
229	0.0007304843224275717
230	0.0007304843224275717
231	0.0007304843224275717
232	0.0007304843224275717
233	0.0007304843224275717
234	0.0007304843224275717
235	0.0007304843224275717
236	0.0007304843224275717
237	0.0007304843224275717
238	0.0007304843224275717
239	0.0007304843224275717
240	0.0007304843224275717
241	0.0007304843224275717
242	0.0007304843224275717
243	0.0007304843224275717
244	0.0007304843224275717
245	0.0007304843224275717
246	0.0007304843224275717
247	0.0007304843224275717
248	0.0007304843224275717
249	0.0007304843224275717
250	0.0007304843224275717
251	0.0007304843224275717
252	0.0007304843224275717
253	0.0007304843224275717
254	0.0007304843224275717
255	0.0006811420224790356
256	0.0006811420224790356
257	0.0006811420224790356
258	0.0006811420224790356
259	0.0006811420224790356
260	0.0006811420224790356
261	0.0006811420224790356
262	0.0006811420224790356
263	0.0006811420224790356
264	0.0006811420224790356
265	0.0006811420224790356
266	0.0006811420224790356
267	0.0006400555681414406
268	0.0006400555681414406
269	0.0006018442336399807
270	0.0006018442336399807
271	0.0006018442336399807
272	0.0006018442336399807
273	0.0006018442336399807
274	0.0006018442336399807
275	0.0006018442336399807
276	0.0006018442336399807
277	0.0006018442336399807
278	0.0006018442336399807
279	0.0006018442336399807
280	0.0006018442336399807
281	0.0006018442336399807
282	0.0006112729428883385
283	0.0006112729428883385
284	0.0006112729428883385
285	0.0006112729428883385
286	0.0006016978599648245
287	0.0006016978599648245
288	0.0006016978599648245
289	0.0006016978599648245
290	0.0006016978599648245
291	0.0006016978599648245
292	0.0006011525921161735
293	0.0006011525921161735
294	0.0006011525921161735
295	0.0006011525921161735
296	0.0006011525921161735
297	0.0006011525921161735
298	0.0006011525921161735
299	0.0006011525921161735
300	0.0006011525921161735
301	0.0006011525921161735
302	0.0006011525921161735
303	0.0006011525921161735
304	0.0006011525921161735
305	0.0006011525921161735
306	0.0006011525921161735
307	0.0006011525921161735
308	0.0006011525921161735
309	0.0006009496640930561
310	0.0006009496640930561
311	0.0006009496640930561
312	0.0006009496640930561
313	0.0006009496640930561
314	0.0006009496640930561
315	0.0006009496640930561
316	0.0006009496640930561
317	0.0006009496640930561
318	0.0006009496640930561
319	0.0006009496640930561
320	0.0006009496640930561
321	0.0006009496640930561
322	0.0006009496640930561
323	0.0006009496640930561
324	0.0006009496640930561
325	0.0006009496640930561
326	0.0006009496640930561
327	0.0006009496640930559
328	0.0006009496640930559
329	0.0006009496640930559
330	0.0006009496640930559
331	0.0006082567273581723
332	0.0006082567273581723
333	0.0006082567273581723
334	0.0006082567273581723
335	0.0006082567273581723
336	0.0006082567273581723
337	0.0006082567273581723
338	0.0006082567273581723
339	0.0006082567273581723
340	0.0006082567273581723
341	0.0006082567273581723
342	0.0006082567273581723
343	0.0006082567273581723
344	0.0006082567273581723
345	0.0006082567273581723
346	0.0006082567273581723
347	0.0006082677433312627
348	0.0006082677433312627
349	0.0006082677433312627
350	0.0006082677433312627
351	0.0006082677433312627
352	0.0006082677433312627
353	0.0006082677433312627
354	0.0006082677433312627
355	0.0006082677433312627
356	0.0006082677433312627
357	0.0006082677433312627
358	0.0006082677433312627
359	0.0006082677433312627
360	0.0006082677433312627
361	0.0006082677433312627
362	0.0006082677433312627
363	0.0006082677433312627
364	0.0006082677433312627
365	0.0006082677433312627
366	0.0006082677433312627
367	0.0006082677433312627
368	0.0006082677433312627
369	0.0006082677433312627
Start 4-th experiment.
0	0.003050415476954956
1	0.0019243971982548793
2	0.0014528937629313128
3	0.001396152522228819
4	0.0009763549961695014
5	0.0009441066100010436
6	0.0009027836070564545
7	0.0008773345020841204
8	0.0008662609641996346
9	0.000982219001020079
10	0.0009182206363258367
11	0.0009192921766458777
12	0.0008335016562265545
13	0.0008337966241160282
14	0.0008337966241160282
15	0.0008337966241160282
16	0.0007911342860105751
17	0.0007910612745756998
18	0.0007782757028395309
19	0.000775252795567733
20	0.0007752527955677331
21	0.0007804411972586465
22	0.0007805276564599535
23	0.0007805276564599535
24	0.0007805276564599535
25	0.0007805276564599535
26	0.0007805275694122894
27	0.0007811097614894497
28	0.0008099551178934765
29	0.0008100224387413235
30	0.0008100224387413235
31	0.0008100224387413235
32	0.0008100224387413235
33	0.0008099042555265213
34	0.0008099042555265213
35	0.0007881717666940335
36	0.0007881717666940335
37	0.0007881717666940335
38	0.0007881717666940335
39	0.0007877346228869277
40	0.0007871641748914526
41	0.000787636207856337
42	0.0007868337797840992
43	0.000805785350574589
44	0.000805785350574589
45	0.000805785350574589
46	0.0008072798421267662
47	0.0008075595577172863
48	0.0008047403857617847
49	0.0008047403857617847
50	0.0008047403857617847
51	0.0008073755211407521
52	0.0008073755211407521
53	0.0008074686498526963
54	0.0008021565498132399
55	0.0008002383033176914
56	0.0007949236590537315
57	0.0007941773434788265
58	0.0007940851344343602
59	0.0007923254476585005
60	0.000792391346825897
61	0.0007905573652726755
62	0.0007906622747650228
63	0.0007121377146191996
64	0.0007238717951058175
65	0.0007170359393513265
66	0.0007170359393513265
67	0.0007170359393513265
68	0.0007170359393513265
69	0.0007189985244306851
70	0.0007189985244306851
71	0.0007144258576551743
72	0.0007144258576551743
73	0.0007121128031083086
74	0.0007395688963101892
75	0.0007395688963101892
76	0.0007395688963101892
77	0.0007395697095939039
78	0.0007395697095939039
79	0.0007395697095939039
80	0.0007373013791675283
81	0.0007373013791675283
82	0.000722319399729261
83	0.0007214605985162754
84	0.000715225948575087
85	0.0007208007800159322
86	0.0007036110702209758
87	0.0006972704406907231
88	0.0006970112890289438
89	0.0007004231795381606
90	0.0006976283087776478
91	0.0006976283087776478
92	0.0006971512922072753
93	0.0006970277768735823
94	0.0006899663650292839
95	0.0006919514916108895
96	0.0006919514916108895
97	0.0006919514916108895
98	0.0006919514916108895
99	0.0006919514916108895
100	0.0006912573082479453
101	0.0011169970702111262
102	0.0011067852738166977
103	0.001103960771301445
104	0.0009370206415249508
105	0.0009369358122365066
106	0.0008721206719925589
107	0.0008252536940395771
108	0.000859638509098522
109	0.000859638509098522
110	0.000859638509098522
111	0.000859638509098522
112	0.000859617046952865
113	0.000859617046952865
114	0.000859617046952865
115	0.000859617046952865
116	0.0008598534631548007
117	0.0008599452550814877
118	0.0008599452550814877
119	0.0008599452550814877
120	0.0008599427433828593
121	0.0008599427433828593
122	0.0008701773385980291
123	0.0008494373350903151
124	0.0008620238174095865
125	0.0008620238174095865
126	0.0008568268871482354
127	0.0008568268871482354
128	0.0008568268871482354
129	0.0007608297075288338
130	0.0007608297075288338
131	0.0007608297075288338
132	0.0007608297075288338
133	0.0007608297075288338
134	0.0007608297075288338
135	0.0007605334889392187
136	0.0007605334889392187
137	0.0007605334889392187
138	0.0007605334889392187
139	0.0007605334889392187
140	0.0007605334889392187
141	0.0007605334889392187
142	0.0007605334889392187
143	0.0007605334889392187
144	0.0007605334889392187
145	0.0007605334889392184
146	0.0007605334889392184
147	0.0007605334889392184
148	0.0007605334889392184
149	0.0007605334889392184
150	0.0007605334889392184
151	0.0007605334889392184
152	0.0007605334889392184
153	0.0007605334889392184
154	0.0007605334889392184
155	0.0007605334889392184
156	0.0007605334889392184
157	0.0007605334889392184
158	0.0007605334889392184
159	0.0007598125296145007
160	0.0007598125296145007
161	0.0007598125296145007
162	0.0007598125296145007
163	0.0007598125296145007
164	0.0007598125296145007
165	0.0007598125296145007
166	0.000759800754981099
167	0.000759800754981099
168	0.000759800754981099
169	0.000759800754981099
170	0.000759800754981099
171	0.000759800754981099
172	0.000759800754981099
173	0.000759800754981099
174	0.000759800754981099
175	0.000759800754981099
176	0.000759800754981099
177	0.000759800754981099
178	0.000759800754981099
179	0.000759800754981099
180	0.000759800754981099
181	0.000759800754981099
182	0.0007590974614017205
183	0.0007590974614017205
184	0.0007590974614017205
185	0.0007590974614017205
186	0.0007590974614017205
187	0.0007590974614017205
188	0.000759072669629069
189	0.000759072669629069
190	0.000759072669629069
191	0.000759072669629069
192	0.000759072669629069
193	0.000759072669629069
194	0.0007592822152619628
195	0.0007592822152619628
196	0.0007592822152619628
197	0.0007592822152619628
198	0.0007592822152619628
199	0.0007592822152619628
200	0.0007592822152619628
201	0.0007592822152619628
202	0.0007592822152619628
203	0.0007377001240579845
204	0.0007377001240579845
205	0.0007377001240579845
206	0.0007377001240579845
207	0.0007377001240579845
208	0.0007377001240579845
209	0.0007377001240579845
210	0.0007377001240579845
211	0.0007377001240579845
212	0.0007377001240579845
213	0.0007377001240579845
214	0.0007377001240579845
215	0.0007377001240579845
216	0.0007377001240579845
217	0.0007377001240579845
218	0.0007377001240579845
219	0.0007377001240579845
220	0.0007377001240579845
221	0.0007375729471354825
222	0.0007375729471354825
223	0.0007374502895945587
224	0.0007374502895945587
225	0.0007374502895945587
226	0.0007374502895945587
227	0.0007374502895945587
228	0.0007374502895945587
229	0.0007374502895945587
230	0.0007373689418717622
231	0.0007373689418717622
232	0.0007373689418717622
233	0.0007373689418717622
234	0.0007364482026743695
235	0.0007364482026743695
236	0.0007364482026743695
237	0.0007364482026743695
238	0.0007364482026743695
239	0.0007364482026743695
240	0.0007364482026743695
241	0.0007364482026743695
242	0.0007364482026743695
243	0.0007364482026743695
244	0.0007364482026743695
245	0.0007364482026743695
246	0.0007364482026743695
247	0.0007364482026743695
248	0.0007364482026743695
249	0.0007364482026743695
250	0.0007364482026743695
251	0.0007373536454556458
252	0.0007373536454556458
253	0.0007373536454556458
254	0.0007373536454556458
255	0.0007373536454556458
256	0.0007373536454556458
257	0.0007373536454556458
258	0.0007373536454556458
259	0.0007373810159530871
260	0.0007373810159530871
261	0.0007373810159530871
262	0.0007373810159530871
263	0.0007373810159530871
264	0.0007373810159530871
265	0.0007373810159530871
266	0.0007373810159530871
267	0.0007390011222129842
268	0.0007390011222129842
269	0.0007390011222129842
270	0.0007390011222129842
271	0.0007390011222129842
272	0.0007390011222129842
273	0.0007390011222129841
274	0.0007390011222129841
275	0.0007390011222129841
276	0.0007390011222129841
277	0.0007390011222129841
278	0.0007390011222129841
279	0.0007390011222129841
280	0.0007390011222129841
281	0.0007390011222129841
282	0.0007390011222129841
283	0.0007386175493250984
284	0.0007386175493250984
285	0.0007386175493250984
286	0.0007386175493250984
287	0.0007386175493250984
288	0.0007386175493250984
289	0.0007386175493250984
290	0.0007386175493250984
291	0.0007386175493250984
292	0.0007386175493250984
293	0.0007386175493250984
294	0.0007386175493250984
295	0.0007386175493250984
296	0.0007386175493250984
297	0.0007386175493250984
298	0.0007386175493250984
299	0.0007386175493250984
300	0.0007386175493250984
301	0.0007386175493250984
302	0.0007386175493250984
303	0.0007386175493250984
Start 5-th experiment.
0	0.0031182343230215974
