Start 1-th experiment.
Start 1-th experiment.
0	0.0033410273277622807
1	0.0005975466202493966
2	0.0004926937796321124
3	0.0005598957314813185
4	0.0005124060554714434
5	0.0005185415820797908
6	0.0005076307694561585
7	0.0004470384944241591
8	0.0004169271528272762
9	0.00041246326340019576
10	0.0004021963424700364
11	0.0004368877158464039
12	0.000655687381496899
13	0.0006899113523254912
14	0.0003666932251742765
15	0.0005611670068266083
16	0.0005372589319929044
17	0.0005284943776831734
18	0.000326034175876586
19	0.00027883326676432263
20	0.00026231656261603467
21	0.0003208844723931271
22	0.0003519464503557165
23	0.0003266541026130742
24	0.00032448690947588395
25	0.0003121131939873515
26	0.0003179411127495719
27	0.0001991822180454267
28	0.00019182426228328266
29	0.00018826133224743693
30	0.00018596954951126334
31	0.00018049466854744726
32	0.0001754650708044755
33	0.0001724083666814159
34	0.00017191493517718627
35	0.00016891754710031737
36	0.00017885131788475267
37	0.00017590273430076307
38	0.00017503034058335653
39	0.00017355059195245547
40	0.00016423633845252754
41	0.00016576333565913886
42	0.00015969023796779807
43	0.000157441013950378
44	0.00016040766876780952
45	0.000137985754028063
46	0.00013924492397312347
47	0.00013662246317670392
48	0.00016108505747830398
49	0.0001565988288903854
50	0.00015382198042370544
51	0.00015019825949665644
52	0.0001519142687538394
53	0.00014339071700899517
54	0.00014218754350501497
55	0.0001412617679577989
56	0.00014008162592552467
57	0.00014180511777996268
58	0.00014137163483035595
59	0.00010861177041214592
60	0.00011371133534229278
61	0.0001142488063319427
62	0.00010999681985629992
63	0.00010128042437706092
64	0.00010151622250955949
65	9.94282781759315e-05
66	8.92479306707765e-05
67	8.807854005574437e-05
68	8.71221462349126e-05
69	8.574707379741216e-05
70	8.375707965489983e-05
71	8.270799653150362e-05
72	0.00012883844503527582
73	0.00014811914415153177
74	0.0001480162514109765
75	0.00014175465631573596
76	0.0001531574759461736
77	0.00014661956808053532
78	0.00014560135982864155
79	0.0001421021268563329
80	0.00014076761666853219
81	0.00014028613676083081
82	0.00013879211682369042
83	0.00013460928112992996
84	0.00013306310980415424
85	0.00011795698217563278
86	0.00011914247972021305
87	0.00011926229958503423
88	0.00011932122033221507
89	0.00011656705491293342
90	0.00011645742925788256
91	0.00011636486256589894
92	0.00011601264881315887
93	0.00011616177724560558
94	0.0001155852312086576
95	0.00011386446544458707
96	0.00011063353578410172
97	0.0001099548159106133
98	7.570043694359048e-05
99	7.76089518035723e-05
100	7.806664790436878e-05
101	7.473280538608985e-05
102	7.443260047137829e-05
103	7.340414052309689e-05
104	7.373067354306246e-05
105	7.307498976837782e-05
106	7.489682259842736e-05
107	7.474317291227089e-05
108	7.618966988560602e-05
109	7.506963743111772e-05
110	7.280607810386607e-05
111	7.154851400291345e-05
112	7.70656260607222e-05
113	0.00023577492077426498
114	0.0002748001387739264
115	0.00022756801319489067
116	0.00026033015911606155
117	0.00021176208429065895
118	0.00021187754517821688
119	0.0002097411804626838
120	0.00020845117049845968
121	0.00020397751849311464
122	0.00020262429357921952
123	0.0001972446796134884
124	0.00019663250797301456
125	0.0001963348266935616
126	0.0001964312083826051
127	0.0001966758109851535
128	0.0001949617285442782
129	0.00019437120161034093
130	0.0001939154736472466
131	0.00019510323483555936
132	0.00019374453749917593
133	0.00011469871758875065
134	0.00011985039389313114
135	0.00011892832887957898
136	0.00011293913434053922
137	0.00011285222314544198
138	0.00011188326681229146
139	0.00011034951932213937
140	0.00010998157567522394
141	0.00010937955478523644
142	0.00010702909625962669
143	0.00019879593356746927
144	0.00021916350472825689
145	0.0002181853324897041
146	0.00021669785617258076
147	0.00021272328342512116
148	0.00021045521024966633
149	0.0002108347684200333
150	0.00020720844866809406
151	0.0001967698256826944
152	0.00019388314710453404
153	0.00019423293189332048
154	0.00019378976858507195
155	0.00019313977947130656
156	0.00019288386020293918
157	0.00019072687422310374
158	0.00019004713866834373
159	0.00018980017815991375
160	0.00018906955469325039
161	0.00018878807866329046
162	0.00018766973446966421
163	0.00018753910530910347
164	0.00018725663147772608
165	0.00017568924884000769
166	0.0001649887434881155
167	0.00016592755019796614
168	0.000165646231118752
169	0.00016518882157247808
170	0.00016497310510190107
171	0.0001819750356286868
172	0.00018455247371224827
173	0.0001854598430409451
174	0.00018374025534176615
175	0.00020034483359078253
176	0.00020056907734468117
177	0.00020073500733076795
178	0.00020091265427342583
179	0.00020067672023808895
180	0.000199668675206456
181	0.00019879040569051562
182	0.00019848509790451477
183	0.00019831512382056666
184	0.00019801398643181926
185	0.00016598126750849745
186	0.00015847633031444925
187	0.00016100004458190526
188	0.00016076094518437987
189	0.00015807972795609123
190	0.0001465228014925873
191	0.00014643644810776525
192	0.00014352515341489898
193	0.0001429484043164817
194	0.0001094677102759331
195	0.00012114536763190152
196	0.00012130542534626596
197	0.00011988536934275353
198	0.00011874361587443307
199	0.00010728247634278558
200	0.00010568175832920926
201	0.00010581868837154309
202	0.00010581868837154309
203	0.00010582149928505911
204	0.00010609366902671515
205	0.00010613535804271379
206	0.00012811543093844946
207	0.0001281170053210519
208	0.00012811663146913897
209	0.0001281150740144715
210	0.00012803819983083132
211	0.00012810003598201259
212	0.00012810003598201259
213	0.00012810733981817905
214	0.00012835727872224912
215	0.0001322658502183776
216	0.00013199357228864473
217	0.00013208649637679712
218	0.00013161201981891176
219	0.000130818426068399
220	0.00013081763726245554
221	0.00013074176605470041
222	0.0001307326622007367
223	0.00013073012009732444
224	0.00013013910685040085
225	0.00013013427213411254
226	0.00013013427213411254
227	0.0001301239166405028
228	0.0001301856938026134
229	0.00013012206758658876
230	0.0001301187542867422
231	0.0001302167759571749
232	0.00013023722529847284
233	0.00013023958753351895
234	0.00012836375092973218
235	0.00012836858286572104
236	0.0001283655871707232
237	0.0001283312565569329
238	0.0001283312565569329
239	0.00012833165729736525
240	0.0001283315179946087
241	0.0001283315179946087
242	0.00012833521165489135
243	0.0001289239210258703
244	0.00012886517108125323
245	0.00012886105571656317
246	0.00012886105571656317
247	0.0001288601072770895
248	0.00012885462675696628
249	0.00012887868970346613
250	0.00012887081695547674
251	0.0001288699054311206
252	0.0001284797496927059
253	0.00012830800179865844
254	0.00012748461472128806
255	0.00012748457828584643
256	0.00012746395068067114
257	0.00012760663306534114
258	0.00012732594040608007
259	0.00012732637141037105
260	0.00012732321638755475
261	0.00012698128849655466
262	0.00012698128849655466
263	0.00012703563547319507
264	0.00012703693791183524
265	0.00012703693791183524
266	0.00012704881693216546
267	0.00012704881693216546
268	0.00012705473919821268
269	0.00012690150837975982
270	0.00012658139995409956
271	0.00012658143397158988
272	0.00012658009267049622
273	0.00012659090999022114
274	0.0001264370155923767
275	0.0001264370155923767
276	0.0001264370155923767
277	0.00012632201112986933
278	0.00012207675105055976
279	0.0001220767510507502
280	0.0001220767413643479
281	0.0001220767413643479
282	0.00012207804177706243
283	0.00012207804177706243
284	0.00012195839812324219
285	0.00012195490315500653
286	0.00012197626884805371
287	0.00012197087782319087
288	0.00012196581893740833
289	0.000121932442346495
290	0.00012192378155795043
291	0.00012136386811054197
292	0.00012136902688601853
293	0.00012136957122499857
294	0.00012134785112198961
295	0.00012134720679332959
296	0.00012089130936542296
297	0.00012089995228116417
298	0.00012090400136673315
299	0.00012002515905205303
300	0.00012002515905205303
301	0.00012001450234227236
302	0.00012002991418565861
303	0.00012002991418565861
304	0.00011990401212360654
305	0.00011980163327792614
306	0.00011980181539862174
307	0.00011980509001909417
308	0.00011980516966502009
309	0.00011978404861127033
310	0.00011978657340175958
311	0.00011977504304711687
312	0.0001197560842461555
313	0.00011975643395342845
314	0.00011975642155426473
315	0.00011975642155426473
316	0.00011975408541225486
317	0.00011975442947788073
318	0.00011975442165955226
319	0.00011959775848494479
320	0.00011959775848494479
321	0.00011959764635767562
322	0.00011959661414660979
323	0.00011959658221502624
324	0.00011958952728663473
325	0.00011964496182954766
326	0.0001197041424343243
327	0.00011941356320156765
328	0.00011941294437774083
329	0.00011938781571529956
330	0.00011929903912167389
331	0.00011933026071375756
332	0.00011933025651758494
333	0.00011932950487622004
334	0.00011932919606002617
335	0.00011934765441288983
336	0.00011934633729135781
337	0.00011934614634154902
338	0.00011933635123570233
339	0.00011933635123570233
340	0.00011933635123570233
341	0.00011931778051052058
342	0.00011931778051052058
343	0.00011930901491830144
344	0.00011929920009168893
345	0.00011929920399585956
346	0.00011934889782112515
347	0.00011929415522765095
348	0.00011929608088120644
349	0.00011927226257303298
350	0.00011926419991884033
351	0.00011920118961724401
352	0.00011919500998709324
353	0.00011919500998709324
354	0.00018111816714544519
355	0.00018248484131559175
356	0.00018334405702077148
357	0.000184462591714888
358	0.00018608401655330307
359	0.00018608892921298428
360	0.0001896956109642552
361	0.00019369416935010916
362	0.00019384102480221496
363	0.00020401520610752747
364	0.00025115331095959954
365	0.00025152103707191454
366	0.00025441880833358563
367	0.00024829094567798446
368	0.0002482976128767566
369	0.0002482976128767566
370	0.0002482976128767566
371	0.000248347226903953
372	0.00024832536234160293
373	0.00024816892200325174
374	0.00024821387072714994
375	0.00024819937532868957
376	0.00024866215030873776
377	0.0002461507820020541
378	0.0002461501690435873
379	0.00024630139966257087
380	0.00024738852739639383
381	0.00024738852739639383
382	0.00024734805662307737
383	0.0002473480566516517
384	0.00024736702417821126
385	0.00024736643567491146
386	0.00024723934772936473
387	0.00024879126481235585
388	0.0002469006384197813
389	0.0002468658149524787
390	0.0002450963039720992
391	0.0002433615898052948
392	0.00024336158980399255
393	0.00024333707302305127
394	0.00024332179948175988
395	0.00024332178940513814
396	0.00024330702902267728
397	0.00024330631986855508
398	0.0002434747403214761
399	0.00024344082574624052
400	0.00024364442028621317
401	0.0002436365621351533
402	0.0002436365621351533
403	0.0002435646274440835
404	0.00024357083332519772
405	0.0002419983789480609
406	0.00024143723680067965
407	0.00024143527128881405
408	0.0002410072792412495
409	0.00024099571447357823
410	0.0002402296574483758
411	0.0002402296574483758
412	0.0002402296574483758
413	0.0002377237346250572
414	0.00023704493972128107
415	0.00023702724927142745
416	0.00023709980698172228
417	0.00023709981306355998
418	0.00023709860390597152
419	0.00023708174905560255
420	0.00023708708262060657
421	0.0002370429250726493
422	0.0002370429250726493
423	0.00023524462980647044
424	0.00023565317157036854
425	0.00023563372085489152
426	0.00023563372085489152
427	0.00023562381271825442
428	0.00023548433187671868
429	0.00023550563088831273
430	0.00023538688399492283
431	0.0002354186050833508
432	0.00023541848418057572
433	0.00023541480618735768
434	0.00023541486039559503
435	0.00023541505071833878
436	0.00023541603514652424
437	0.00023513802845540288
438	0.00023491328629185424
439	0.00023492479008682432
440	0.00023492480495371573
441	0.00023495808254294495
442	0.0002346640822611304
443	0.00023489810669852733
444	0.00023761912325313857
445	0.0002376191328663172
446	0.00023720967471576825
447	0.0002362984470475303
448	0.00023629676986312303
449	0.00023629676986312303
450	0.00023629676986312303
451	0.0002362968102023171
452	0.00023390419816412644
453	0.00023395939066262129
454	0.00023395919615283638
455	0.0002339758360251279
456	0.00023231082321326058
457	0.00023231002809010216
458	0.00023231002553949316
459	0.00023231969629076721
460	0.00023232510175811728
461	0.00023232510175811728
462	0.00023232510175811728
463	0.00023231803839550286
464	0.00023228431886026556
465	0.00023228428130091355
466	0.00023229487834300921
467	0.00023229487834300921
468	0.0002323798806315822
469	0.0002323798806148048
470	0.00015745682618554204
471	0.00015796538927880644
472	0.00015828840030515792
473	0.000158353051662199
474	0.0001632782433142766
475	0.0001628888961316919
476	0.00016229979918120442
477	0.00016219440088958954
478	0.00016218317118989976
479	0.00016218171134141626
480	0.00016219814184121993
481	0.00016250148330090606
482	0.00016250169910890944
483	0.00016263371746148679
484	0.00016261362459798104
485	0.00016275537193606164
486	0.00016275602076532973
487	0.00016284712051979606
488	0.00016283266770359553
489	0.00016283266812435203
490	0.00016131998769589346
491	0.00016131998773979072
492	0.00016136707903707242
493	0.00016136707097697383
494	0.000161752765477127
495	0.00016175827094248385
496	0.00016158478519455777
497	0.00016094444393754045
498	0.00016094429632595297
499	0.0001609431770468357
500	0.00016086042360795666
501	0.0001607395199464761
502	0.000160746753821099
503	0.0001607505854163817
504	0.00016096297997923156
505	0.00016027304997827876
506	0.00016023655794344412
507	0.0001602021109433193
508	0.000160141160816949
509	0.00016010854420844318
510	0.0001600459856312175
511	0.00016006123278152908
512	0.00016002540844395265
513	0.00016002480296932863
514	0.00016002476465245977
515	0.0001600181385374035
516	0.0001593771485544929
517	0.00015937681802630343
518	0.00015929628232499974
519	0.00015928041594804064
520	0.00015926802465024775
521	0.00015926802465024775
522	0.00015865132324238414
523	0.0001586527360286175
524	0.00015865237066799878
525	0.00015865183509149972
526	0.00015864147104163474
527	0.00015864147104163474
528	0.00015864147104163474
529	0.00015864190700457507
530	0.00015873930999023327
531	0.0001584053851827546
532	0.00015838370166354699
533	0.00015838524423927676
534	0.00015839005904451622
535	0.00015820789530412278
536	0.00015820789530412278
537	0.00015818196736963982
538	0.00015817078820194153
539	0.00015824004585367866
540	0.00015824004585367866
541	0.00015820642146762776
542	0.00015820642146762776
543	0.0001582064371459681
544	0.00015807733524080447
545	0.00015805892407900817
546	0.00015805892407900817
547	0.00015805892407900817
548	0.00015804913483672079
549	0.00015804607747956067
550	0.0001580518043517426
551	0.0001580518043517426
552	0.00015802061965753149
553	0.00015783415969078353
554	0.00015771174896578582
555	0.00015772296288711166
556	0.00015772296288711166
557	0.0001577151759835671
558	0.00015771701770719745
559	0.0001577193237313199
560	0.00015754579476884612
561	0.0001572482231633185
562	0.00015774500135103743
563	0.00015774500135103743
564	0.00015769883299401484
565	0.00015756365602557202
566	0.00015756365602557202
567	0.0001575636559985055
568	0.00015744194607264717
569	0.000156833576319661
570	0.00015685448675651828
Start 2-th experiment.
0	0.0034122180702866435
1	0.000809352427188449
2	0.0006574301301781436
3	0.0006009866907678526
4	0.000507389055369897
5	0.0005238332470684016
6	0.0004745137128334088
7	0.0006730686550146026
8	0.0005532419554545382
9	0.0007051285342367889
10	0.0005760903876888712
11	0.00039731320562410487
12	0.00039668685945776113
13	0.0005186363112092261
14	0.0003547773113052147
15	0.0003459595083852045
16	0.0007360553010548285
17	0.0006116518532180584
18	0.0006015813442925811
19	0.00041522252925102867
20	0.00041609979175405074
21	0.0004312915470520555
22	0.00040433375049544177
23	0.00040247104589101387
24	0.0003974837417504015
25	0.00022162227758246934
26	0.00022220415375723008
27	0.00022333754275043972
28	0.0002150441150656167
29	0.00021528005060142747
30	0.00031503348154233356
31	0.00019879593504046263
32	0.0001974346541303214
33	0.00020564115265154847
34	0.00019314801783934296
35	0.00018832985695575692
36	0.00018596835515851802
37	0.0001825352765257505
38	0.00018485562225076225
39	0.00016999144516544493
40	0.00028358258853496875
41	0.00028405965588271367
42	0.0002491249389509879
43	0.00024758182899135985
44	0.00024197947569651071
45	0.00023751135797425802
46	0.00023143542636882894
47	0.00022111452606118104
48	0.0002188148582555724
49	0.00021941830791666076
50	0.00021602726527719565
51	0.00021651784672559665
52	0.00022301509118307988
53	0.0002228923543231705
54	0.00022038548463998892
55	0.00021837040066723112
56	0.0002179686718408147
57	0.00021741127494853034
58	0.00021713439050885763
59	0.00021796133765811072
60	0.00021605039173135267
61	0.0001450670611706338
62	0.00014645905685929496
63	0.00014715773693190737
64	0.00014579984580058417
65	0.0001442904563830747
66	0.00014283468768541447
67	0.00014414960235598783
68	9.615358989080047e-05
69	0.00010336883771307258
70	0.00010313599240326987
71	9.971998224822782e-05
72	9.801942912623604e-05
73	8.860836596015017e-05
74	8.78647246921152e-05
75	8.413152599990738e-05
76	8.25397515930676e-05
77	7.900733552292208e-05
78	7.385681082206951e-05
79	7.813837597447737e-05
80	6.282093142145454e-05
81	6.122995350155151e-05
82	6.0696453855523906e-05
83	6.202446905796729e-05
84	7.105340241217848e-05
85	7.000961948495637e-05
86	7.029126467272277e-05
87	7.013796250840524e-05
88	6.970084439164988e-05
89	6.809170837121217e-05
90	6.349738065113304e-05
91	6.351433592546973e-05
92	5.974377055943711e-05
93	5.948508210383541e-05
94	5.7914577437508394e-05
95	5.6357139359230775e-05
96	5.177416130433108e-05
97	5.223149129716929e-05
98	5.141999380004742e-05
99	5.123121881914931e-05
100	5.0698133122734375e-05
101	5.066826674840832e-05
102	4.984559770885367e-05
103	4.88718505767412e-05
104	6.085984647276287e-05
105	7.117585865798942e-05
106	6.793929087635047e-05
107	6.535700886816668e-05
108	6.37587925513968e-05
109	6.3463490206489e-05
110	6.394942296724313e-05
111	6.34435314362362e-05
112	6.2944746979912e-05
113	6.380621018392989e-05
114	6.307902315762321e-05
115	6.209217797526904e-05
116	5.1081546269316505e-05
117	5.712979227273844e-05
118	5.6793387217397865e-05
119	5.374302228285178e-05
120	5.267840087146296e-05
121	4.881241645760114e-05
122	4.810572547290569e-05
123	4.711529720532583e-05
124	4.6031951609591914e-05
125	4.4578038901853126e-05
126	4.4365870980145116e-05
127	4.419274070635286e-05
128	4.2446840055342786e-05
129	4.106974143459961e-05
130	4.0819132572441364e-05
131	4.087998724241261e-05
132	4.061075210984025e-05
133	4.011065623306627e-05
134	3.998759152822558e-05
135	3.681647602783745e-05
136	3.705653029623051e-05
137	3.7083102642348374e-05
138	3.649335097182077e-05
139	3.637464488837147e-05
140	3.624385901960109e-05
141	3.540188150952488e-05
142	3.5312084221276176e-05
143	3.332205110097706e-05
144	3.424282473967534e-05
145	3.391548998264219e-05
146	3.395051027879578e-05
147	3.3896398611431544e-05
148	3.222350038911444e-05
149	3.211189602186415e-05
150	3.207048266302161e-05
151	3.2011482974801966e-05
152	3.180705095595213e-05
153	3.1395516080566486e-05
154	3.155996576322974e-05
155	3.1934136143094366e-05
156	3.0475861944279418e-05
157	3.054480899877789e-05
158	2.7258328177163747e-05
159	3.0839967674715715e-05
160	3.31762561924264e-05
161	3.318529900408638e-05
162	3.29209607023177e-05
163	3.205641035733033e-05
164	3.1049721373223824e-05
165	2.9467924066174034e-05
166	2.8525692936097938e-05
167	2.7860246582183533e-05
168	2.7797684922219274e-05
169	2.7802784808051963e-05
170	2.7787694600863477e-05
171	2.7408812165212557e-05
172	2.7447295361499334e-05
173	2.6848364449793387e-05
174	3.52606709000305e-05
175	6.194867154076551e-05
176	6.44094353620533e-05
177	6.317101691293421e-05
178	5.9168623783761827e-05
179	5.3199920420273476e-05
180	5.183244729825447e-05
181	5.0876626433706976e-05
182	4.000786855476817e-05
183	3.9002778811637404e-05
184	3.901358367333115e-05
185	3.7704938027731496e-05
186	3.871130234466228e-05
187	3.695834780675299e-05
188	3.685617257709813e-05
189	3.556135150150602e-05
190	3.503575067264453e-05
191	3.3040082389062636e-05
192	3.137575950190939e-05
193	3.0089522975259208e-05
194	2.9942400323739624e-05
195	2.969653164175038e-05
196	2.8113630610846426e-05
197	2.837641556459759e-05
198	2.846347358791585e-05
199	2.8477263986700753e-05
200	2.7337798544881362e-05
201	2.743849522789825e-05
202	2.736261165210944e-05
203	2.7356667131301008e-05
204	2.702954672226427e-05
205	2.7026796096917275e-05
206	2.6638072518039687e-05
207	2.663326045368508e-05
208	2.6915048585842854e-05
209	2.629326465122949e-05
210	2.6405150622778724e-05
211	2.6189203219534855e-05
212	2.6214795683896504e-05
213	2.6195764377826397e-05
214	2.6160536785786187e-05
215	2.7753223406502177e-05
216	2.785151507792755e-05
217	2.7822629400129212e-05
218	2.7817061129387276e-05
219	2.75172949960435e-05
220	2.749918118110837e-05
221	2.748939705212357e-05
222	2.579198594588786e-05
223	2.502356925221568e-05
224	2.499953742985851e-05
225	2.4779900145386876e-05
226	2.5101644307594598e-05
227	2.51128165525431e-05
228	2.498326636500558e-05
229	2.469504736609766e-05
230	2.4758792256057046e-05
231	2.490861796767691e-05
232	2.4974021643628762e-05
233	2.493375748737275e-05
234	2.508285770858111e-05
235	2.504813792513104e-05
236	2.5106398608144173e-05
237	2.5058100078831107e-05
238	2.528293958808103e-05
239	2.534200275698846e-05
240	2.5350181671673994e-05
241	2.7598803726071156e-05
242	2.7390727043800042e-05
243	2.7589967781277737e-05
244	2.7357494407787045e-05
245	2.647840837731408e-05
246	2.6474984118472902e-05
247	2.6348100086744047e-05
248	2.646383761499694e-05
249	2.6291990370600405e-05
250	2.620397111749075e-05
251	2.6168128611353525e-05
252	2.61588920833982e-05
253	2.611886042478623e-05
254	2.4981861535061204e-05
255	2.4877227091123235e-05
256	2.485972270472068e-05
257	2.4868144091681678e-05
258	2.539930483465918e-05
259	2.5379287899620707e-05
260	2.5465041856423483e-05
261	2.472792684948533e-05
262	2.4719258926346006e-05
263	2.471508044723758e-05
264	2.4624865245927464e-05
265	2.529744179073167e-05
266	2.5270629908507056e-05
267	2.4821044898982022e-05
268	2.487497395864683e-05
269	2.4262576090680117e-05
270	2.3798770230622427e-05
271	2.380230830376418e-05
272	2.3752763029075147e-05
273	2.3751489629403706e-05
274	2.3706152483837266e-05
275	2.356234782729078e-05
276	2.3544692272493396e-05
277	2.367997465755216e-05
278	2.342303259748727e-05
279	2.343293737187011e-05
280	2.3443538440189776e-05
281	2.223139326519375e-05
282	2.2206231795406512e-05
283	2.224222601828332e-05
284	2.2169405946660964e-05
285	2.2126719353582365e-05
286	2.2228908835470082e-05
287	2.2165033518305e-05
288	2.2164113831709463e-05
289	2.2164509327115612e-05
290	2.210913190526748e-05
291	2.201375964351003e-05
292	2.2871457950399263e-05
293	2.2866983204953493e-05
294	2.2783362056106523e-05
295	2.238976623348802e-05
296	2.243176072460995e-05
297	2.2345725819052203e-05
298	2.2313181882231845e-05
299	2.227710899661456e-05
300	2.2278464722326453e-05
301	2.226228566463119e-05
302	2.2241325523264278e-05
303	2.240405732382296e-05
304	2.2919642462167774e-05
305	2.266091849112545e-05
306	2.7138479992430432e-05
307	4.150800167542898e-05
308	5.0043471335708895e-05
309	4.9381318944464305e-05
310	4.368811783697113e-05
311	4.00038066706178e-05
312	3.3721182408531535e-05
313	3.435017754193595e-05
314	3.3181807232840054e-05
315	3.1776083706726984e-05
316	3.1855737629779074e-05
317	3.052221067495888e-05
318	3.0321353031715582e-05
319	2.9191902671962275e-05
320	2.8403488002120822e-05
321	2.8121061634394888e-05
322	2.767269022299998e-05
323	2.7815323248648094e-05
324	2.7902609739763252e-05
325	2.730417062067927e-05
326	2.6655250685733705e-05
327	2.653004439792262e-05
328	2.6566228759849662e-05
329	2.650023097319938e-05
330	2.6539449189725808e-05
331	2.6543816577319143e-05
332	2.639835202731747e-05
333	2.634232662188926e-05
334	2.6140585836569347e-05
335	2.5581500184474122e-05
336	2.560062134138938e-05
337	2.5581865656877236e-05
338	2.5381444543671995e-05
339	2.512371203144457e-05
340	2.4945903926053433e-05
341	2.5189654521775793e-05
342	2.5164312829599917e-05
343	2.5092305922097777e-05
344	2.5439913647491022e-05
345	2.5496465085348093e-05
346	2.5530019253940657e-05
347	2.54926867420347e-05
348	2.5490048372036636e-05
349	2.5502737684480752e-05
350	2.521780485262955e-05
351	2.5257675265860795e-05
352	2.524666200924172e-05
353	2.5180478678432175e-05
354	2.5135028761520915e-05
355	2.508728900680737e-05
356	2.4997117529713803e-05
357	2.4739295525985432e-05
358	2.471546431568675e-05
359	2.4652217154158506e-05
360	2.473877266398201e-05
361	2.4688411388250747e-05
362	2.468263608628729e-05
363	2.4683858957310966e-05
364	2.466823487656915e-05
365	2.480199048785082e-05
366	2.4864980539208864e-05
367	2.3524811403263698e-05
368	2.352293134686161e-05
369	2.332770865495711e-05
370	2.3334860961752277e-05
371	2.311897816639567e-05
372	2.300697304249057e-05
373	2.299878441025813e-05
374	2.3013004378833845e-05
375	2.301166673782378e-05
376	2.300469007419758e-05
377	2.311899013424559e-05
378	2.309973830510497e-05
379	2.3033710796682653e-05
380	2.2809866968194265e-05
381	2.2806995328014078e-05
382	2.4463942903157953e-05
383	2.441255363362892e-05
384	2.4224380451658957e-05
385	2.4377654527186093e-05
386	2.437246548599137e-05
387	2.4276034702482864e-05
388	2.473104762958298e-05
389	2.43826731072595e-05
390	2.440362247483743e-05
391	2.4406194654527533e-05
392	2.4407080329283724e-05
393	2.4254319741374977e-05
394	2.4442019042061257e-05
395	2.4437198070392912e-05
396	2.4429912785156436e-05
397	2.4374755219264086e-05
398	2.4338078720507045e-05
399	2.411496171656219e-05
400	2.4109116427434973e-05
401	2.3626240121782444e-05
402	2.3570081162757565e-05
403	2.3535151549985937e-05
404	2.351072887606269e-05
405	2.334359474231909e-05
406	2.3347738672893684e-05
407	2.3355298831651243e-05
408	2.3359059482296863e-05
409	2.3307331044496434e-05
410	2.3213163906845713e-05
411	2.3196805801264476e-05
412	2.3196471785209667e-05
413	2.3105262462573525e-05
414	2.308363726917488e-05
415	2.342096100899115e-05
416	2.4006195648523583e-05
417	2.369568736279332e-05
Start 3-th experiment.
0	0.0033426727288198605
1	0.000844097607903388
2	0.0008184283029299032
3	0.0006822554198820361
4	0.0006433992803165091
5	0.00044076305556506394
6	0.0005425130288262329
7	0.000600312221810178
8	0.0005509152279813619
9	0.0005352897735760393
10	0.0004865517877479005
11	0.00048332996098538454
12	0.0004081297428985921
13	0.0004224192855495474
14	0.0007975731867821857
15	0.0006991802360134004
16	0.00048825297100396376
17	0.0006033240543431355
18	0.0006034241132735021
19	0.000600019076449653
20	0.0005129739539694265
21	0.0005458996059338652
22	0.0005463205855257484
23	0.0005433374534129623
24	0.0005394961083087828
25	0.0005380915122146535
26	0.0005033586055870966
27	0.000497875393501694
28	0.0004966479485004357
29	0.0004946073403310624
30	0.0004997905022632801
31	0.0004991586892193402
32	0.0005020867700809886
33	0.0004952850264950124
34	0.0004949229729172762
35	0.000491016165033902
36	0.0005000438968892028
37	0.000496697859051938
38	0.0004958220862541342
39	0.0004951867672710084
40	0.0004932563955590136
41	0.000493335093766819
42	0.0004928359121064404
43	0.0004922753790954584
44	0.0004914650452993611
45	0.0004893906071582344
46	0.0002762254547217845
47	0.00026573014305601787
48	0.0002735350457057258
49	0.0002804998900040042
50	0.0002784832688095444
51	0.0002766170356459656
52	0.00026828782340837884
53	0.0002681144438421042
54	0.0002676073803871348
55	0.0002682542491328395
56	0.0002676932014953644
57	0.0002656604355085158
58	0.0002812419959123991
59	0.0002818303245876822
60	0.0002785462791263067
61	0.00028329248457153387
62	0.0002836609244372848
63	0.0002818153414954639
64	0.0002688108775100376
65	0.0002683701657610995
66	0.00026598158448499495
67	0.00034815653485156236
68	0.0003623458625784066
69	0.0003577811246620526
70	0.0003535362966127934
71	0.0003523234254199191
72	0.0003506633921289557
73	0.0003476645206446195
74	0.00034774940425804534
75	0.0003482830790866089
76	0.0003490509098067119
77	0.00035234904551659674
78	0.00035131984660623537
79	0.00034465464264530975
80	0.00034440268811921173
81	0.0003421144627848156
82	0.00034193465210205563
83	0.00032287729346225564
84	0.00032215822047550874
85	0.00032210317070696946
86	0.0003189294841116774
87	0.0003188179366081511
88	0.0003178767228559051
89	0.00031754069538627005
90	0.00031746872784415626
91	0.00028605523784841773
92	0.00031691634123751875
93	0.0003170886641979428
94	0.0003167737767026107
95	0.0003163606358772463
96	0.00031470492281027575
97	0.00031363386170611706
98	0.00031342902870331804
99	0.0002820769497386514
100	0.0002818524746316679
101	0.00034199674453855387
102	0.00027411709070668445
103	0.00027443411919389715
104	0.0002743438283707854
105	0.00027074231450073343
106	0.00027032551951747545
107	0.00026966096399739874
108	0.00026962868269676614
109	0.0002692302278310413
110	0.0002686878297658084
111	0.00026831228463984163
112	0.00026817800356806413
113	0.0002682457752574705
114	0.0002681563831694582
115	0.00026813515390613303
116	0.0002678503180899007
117	0.00026772217759610955
118	0.00026715157066429975
119	0.0002670485458800044
120	0.00026705085237202947
121	0.0002669225747256814
122	0.0002658501291637813
123	0.0002657238230808238
124	0.0002656565237277141
125	0.0002714417726714591
126	0.0003014297415910908
127	0.0003023943320481476
128	0.0003032865271794943
129	0.0002939433318385866
130	0.0002936333291938538
131	0.00029343492568363524
132	0.0002927080978961301
133	0.0002922060408192117
134	0.00029209811787088305
135	0.0002918743422065709
136	0.0002917678648640593
137	0.000291687623186088
138	0.00029178770099932174
139	0.00027901093752373643
140	0.00027899180801496985
141	0.00027960643128912226
142	0.0002793606290857519
143	0.00026125034664039676
144	0.00026205829338374597
145	0.0002611953688580784
146	0.0002611678170265702
147	0.00026073845233159817
148	0.0002603769773158162
149	0.0002599850876410753
150	0.00022894119767822717
151	0.00023787317234165388
152	0.00023912752810468805
153	0.0002392251032882059
154	0.00023906460592083948
155	0.00023879436703994617
156	0.00023856767341207845
157	0.0002386380407331477
158	0.00023864343408816903
159	0.00023826368236508783
160	0.0002380051426598086
161	0.00023771290304717895
162	0.00023761024258191942
163	0.00023759617409695093
164	0.0002379674215252579
165	0.00023750926449505865
166	0.00023716039666449938
167	0.00023688959282519413
168	0.0002790697148193841
169	0.00027790983795300983
170	0.0002779236626636832
171	0.0002778178010178451
172	0.0002743166975692818
173	0.00027437678392493273
174	0.00027418395787061155
175	0.00024936889674311566
176	0.00024945722896671876
177	0.0002494159679572583
178	0.00024918733484355723
179	0.00024910577742093623
180	0.00024906167189732756
181	0.0002490431975106037
182	0.00024885622899917134
183	0.0002488186549864962
184	0.00024914011576428945
185	0.00025047084007484306
186	0.0002510690236194182
187	0.00025108886891356475
188	0.00025107303389172134
189	0.0002509329620728738
190	0.00025045201362658556
191	0.0002516461553049245
192	0.00024926526255126505
193	0.00024909506613443746
194	0.00029601241646374534
195	0.000295939145566254
196	0.0002932265732106205
197	0.0002930299407514033
198	0.00029285824067215284
199	0.0002928807596530932
200	0.000292773618374651
201	0.000292773618374651
202	0.00029275686635992827
203	0.00029275686635992827
204	0.00029275686635992827
205	0.00029268353967709204
206	0.00029268353967709204
207	0.0002926820316202534
208	0.0002926820316202534
209	0.0002926820316202534
210	0.00029268333077103856
211	0.00029268956211186915
212	0.0002926835789307819
213	0.00029265667438047814
214	0.0002926566478239363
215	0.00029265674762669127
216	0.00029265674762669127
217	0.00029265674762669127
218	0.0002926434888606129
219	0.0002926434888606129
220	0.00029267223837589726
221	0.00029267223837589726
222	0.0002926724143882189
223	0.0002926724143882189
224	0.00029267238779937145
225	0.00029267238779937145
226	0.00029267238779937145
227	0.00029264654438026003
228	0.0002926451089076491
229	0.0002926114660350839
230	0.00027298534603903424
231	0.00027298534603903424
232	0.00027298480875313525
233	0.00027298480875313525
234	0.00027298480875313525
235	0.0002729846836693218
236	0.0002729847081542055
237	0.0002729827550242717
238	0.0002729827518696289
239	0.00027298016459592953
240	0.00027298001449738043
241	0.00027298058210938444
242	0.00027298058210938444
243	0.0002729726905687112
244	0.0002729726634985212
245	0.0002729726634985212
246	0.0002729726634985212
247	0.0002729726623642639
248	0.0002729731564216829
249	0.0002729731564216829
250	0.0002729731564216829
251	0.0002729731564216829
252	0.0002729731564216829
253	0.0002729619208676582
254	0.0002729543617201023
255	0.0002729543617201023
256	0.00027295857276892887
257	0.0002728460895733126
258	0.0002728460373868706
259	0.0002728363169976878
260	0.0002728364029067453
261	0.0002728364029067453
262	0.0002728364029067453
263	0.0002728364029067453
264	0.0002728316286374448
265	0.0002728309725147801
266	0.0002728268047196966
267	0.0002728270228856857
268	0.0002728270228856857
269	0.00027282731719536785
270	0.00027282731719536785
271	0.00027282731719536785
272	0.00018698749382469132
273	0.00018718547078294367
274	0.00018809586736933238
275	0.0001886628990727476
276	0.00018859844019466953
277	0.0001883187753358504
278	0.00018995138760735534
279	0.000190590231849939
280	0.00019061006066772745
281	0.0001906228414479141
282	0.00019051425465129053
283	0.00019155030930771065
284	0.0001911487490350642
285	0.0001902969250739962
286	0.0001902877432907314
287	0.0001902877432907314
288	0.00019166985995158037
289	0.00019166835567770152
290	0.0001912322343286566
291	0.00019132203616581962
292	0.00019131660510943887
293	0.0001902511254256542
294	0.00019022629801980606
295	0.00019020270139426758
296	0.00019025216150719032
297	0.0001902664264340076
298	0.00019026777492177582
299	0.00019026954451784438
300	0.0001902956442365275
301	0.00018906576428580986
302	0.00018906576173165934
303	0.00018906560229570507
304	0.00018909535400795274
305	0.00018910554563310872
306	0.00018911512046365585
307	0.00018805296977620118
308	0.00018862977811611576
309	0.00018847966394994604
310	0.00018847103646678332
311	0.00018847734279564532
312	0.00018838402218534695
313	0.0001883220305440439
314	0.00020722458941220925
315	0.00020721443941016545
316	0.00020763356943566337
317	0.00020763356943566337
318	0.00020764617977242353
319	0.0002075817324465876
320	0.00020716416418205356
321	0.00020723123719802443
322	0.00020723123719802443
323	0.00020715569360303605
324	0.00020715356394340842
325	0.00020706781622982027
326	0.00020706742864065993
327	0.00020728013249288405
328	0.00020728013363079247
329	0.00020728013363079247
330	0.00020727100392742772
331	0.00020724685809949181
332	0.00020724685809949181
333	0.00020724703396420778
334	0.00020719289281115108
335	0.0002071928911048955
336	0.0002072044489147147
337	0.00018342105449209477
338	0.00018342105449209477
339	0.0001843773056989266
340	0.00018437546771215397
341	0.0001842674553201704
342	0.0001842674553201704
343	0.00018376118597826022
344	0.00018393247523402898
345	0.000184022234689546
346	0.0001840128860067141
347	0.00018382852180967888
348	0.00018382852180967888
349	0.00018387052591745375
350	0.00018386083642823613
351	0.0001844308807263288
352	0.0001845190861687323
353	0.0001845077038641388
354	0.00018430087082661907
355	0.00018384016733839867
356	0.00018390483647631484
357	0.00018390483647631484
358	0.00018390483647631484
359	0.00018390411525383396
360	0.00018390411525383396
361	0.00018390411525383396
362	0.0001838815792387347
363	0.00018387891622939875
364	0.0001839306808701953
365	0.00018391831536170952
366	0.0001838771127314224
367	0.00018391934770888892
368	0.00018391807312159554
369	0.00018385421123112236
370	0.00018385421123112236
371	0.0001836745199855506
372	0.00018346335593036488
373	0.00018359333962737986
374	0.00018359333962737986
375	0.00020049391980634108
376	0.00020067211083232638
377	0.00020067211083232638
378	0.00019998680577338606
379	0.0001999845443393482
380	0.00019988219178578622
381	0.00019988211929377014
382	0.00019988211929377014
383	0.0001998705111130275
384	0.00020032246087679778
385	0.00020032215295541739
386	0.00020031787851697915
387	0.00020034418627199517
388	0.00020034418649508173
389	0.0002001571028393557
390	0.0002001571028393557
391	0.0002001571028393557
392	0.00020015320026946486
393	0.00020008800015476077
394	0.0002000252286889003
395	0.0002000530614652864
396	0.00019973240576543605
397	0.00019971769938910116
398	0.00019971769938910116
399	0.00019955940987348238
400	0.00019955940987348238
401	0.00019955835608036394
402	0.0001994008173102863
403	0.0001994008173102863
404	0.0001994008173102863
405	0.00019938388518721983
406	0.00019938388518721983
407	0.00019938388518721983
408	0.0001993814220191717
409	0.00019939163330758272
410	0.00019926288462552603
411	0.00019926288462552603
412	0.0001992295793961929
413	0.00019920452515398583
414	0.0001979086339797802
415	0.000197928532252441
416	0.0001979011828543641
417	0.0001979011828543641
418	0.0001979011807542605
419	0.0001979011807542605
420	0.0001978921390291181
421	0.0001978921390291181
422	0.0001978921390291181
423	0.000197888169632007
424	0.00019787948188230154
425	0.0001978807607415857
426	0.00019788069341083897
427	0.00019792791479962855
428	0.00019792791479962855
429	0.0001978055556537888
430	0.00019780556498948657
431	0.00019780556498948657
432	0.00019780556263825593
433	0.00019780556263825593
434	0.00019783568346659727
435	0.00019783568346659727
436	0.00019783568346659727
437	0.00019785993299076434
438	0.00019785992960648857
439	0.0001978596198372528
440	0.0001978596198372528
441	0.0001978592455583509
442	0.0001978448081568738
443	0.00019787006749796523
444	0.00019790443111206423
445	0.00019790443111206423
446	0.00019790235531190158
447	0.00019790134885622218
448	0.00019790120579515831
449	0.00019790120579515831
450	0.00019791513552718968
451	0.00019786205307809515
452	0.00019786203972003088
453	0.00019786167471884394
454	0.00019782730339625718
455	0.0001978268200711988
456	0.00019771491583423127
457	0.0001976922154214523
458	0.00019769220474048294
459	0.00019769220474048294
460	0.00019769211350612696
461	0.00019769211350612696
462	0.00019769578303536125
463	0.00019769578303536125
464	0.0001976954973802583
465	0.00019767753492669143
466	0.00019760201154213724
467	0.00019760201154213724
468	0.00019760201154213724
469	0.00019767195892845046
470	0.00019767198444742114
471	0.0001976725528981429
472	0.00019767255289793433
473	0.00019767255289793433
474	0.00019767255289793433
475	0.0001975663535892157
Start 4-th experiment.
0	0.0034359706405310596
1	0.0014348705639358763
2	0.0007274751241940543
3	0.0007613233854851935
4	0.0007501393160775372
5	0.0007276236482435028
6	0.0005811886615386768
7	0.00047943287442382053
8	0.0008153046798700524
9	0.0006902565448693145
10	0.0006077795326179612
11	0.0006084032071993859
12	0.0006056217671984322
13	0.0006211582211985414
14	0.0005856006261743277
15	0.0005905017736270198
16	0.0005647683205685807
17	0.0005616173712333678
18	0.000553185148537667
19	0.00032837572885659866
20	0.00030382170704062165
21	0.0002909323465446048
22	0.0002829322606226813
23	0.0002786012595997934
24	0.00019420627627465958
25	0.0001812006922716836
26	0.0002166563255909012
27	0.00023140642039808153
28	0.0002232345960636526
29	0.0002132534578203929
30	0.00020854532294968103
31	0.0002067549827077823
32	0.0002054823454854914
33	0.00020519363176603467
34	0.00020155282017146953
35	0.0002008205996156287
36	0.00019870959180080529
37	0.00019279542461978467
38	0.00018964604146736637
39	0.00018963696445776373
40	0.00018530918287711572
41	0.00018324284335315125
42	0.00018041624907928357
43	0.00017932635938574878
44	0.0001781771821528556
45	0.00017591393388958335
46	0.00017533254568423016
47	0.0001752389873328479
48	0.00017372650008959573
49	0.00017292228938784045
50	0.00017227721994197536
51	0.00017294293042189433
52	0.0001715247608505704
53	0.00017752594407121415
54	0.00017397784469368446
55	0.0001749679115857448
56	0.00017372606128526053
57	0.00017308222928395878
58	0.00016930029488847418
59	0.00017456921260810524
60	0.00028085297823872955
61	0.0002861026315526811
62	0.00027782738417018175
63	0.0002719041676206612
64	0.0002715198980270135
65	0.0002673057077405286
66	0.00021153758246214718
67	0.00021304043622705028
68	0.00021363446787876626
69	0.00021171636237391397
70	0.00020964435374722668
71	0.0002094453724563954
72	0.00020944403594052368
73	0.00020918486527999347
74	0.0002080534011712046
75	0.0002729471553290269
76	0.00028365786753128876
77	0.00028329906481314616
78	0.0002822747538593189
79	0.0002729641745163855
80	0.00027083628648429315
81	0.0002616380499570693
82	0.0002602043241325134
83	0.000260121464302429
84	0.00025676113612757285
85	0.0002571259391237249
86	0.00025742947456749705
87	0.0002563822859857465
88	0.00025327244670217663
89	0.000252555277290084
90	0.00025230873441558756
91	0.00024150943547739673
92	0.0002414190044474342
93	0.00024109538038594435
94	0.00024058794751114775
95	0.00024039452875322404
96	0.00024224845531422594
97	0.00024093443421209753
98	0.00024097833725018352
99	0.00016350719756844966
100	0.00016719078866922322
101	0.00016948225265991205
102	0.00021872118667244945
103	0.00021908002659198702
104	0.00021659223744131036
105	0.0002136841473217422
106	0.0002131401730534957
107	0.00020144420323717522
108	0.00020175788631822972
109	0.00020072141023628828
110	0.0002001687329766413
111	0.00019989884953718566
112	0.00017461250999427596
113	0.00017653565359536526
114	0.0001802350788529756
115	0.00017920517838419656
116	0.00017909564117217527
117	0.00017884526177684273
118	0.00017725387807690277
119	0.0001916048735558079
120	0.0001917160825058781
121	0.00019093616180755003
122	0.00019056511074231442
123	0.00018998757014683718
124	0.00018909488163053626
125	0.0001883440771970498
126	0.00018796493437547707
127	0.00016860807642753758
128	0.00016883999171226263
129	0.00016914004969488674
130	0.00016864017645383346
131	0.00016875788774688242
132	0.00016840213119414762
133	0.00017050474255634254
134	0.00017018830778569202
135	0.00017019362084291765
136	0.00011738154324214836
137	0.00012136098552424877
138	0.00012286825242645272
139	0.0001227332073674886
140	0.0001227939802535539
141	0.00012809927440154788
142	0.00011175871069571747
143	0.00010806747163732894
144	0.00010687864417042328
145	6.738562456855111e-05
146	6.951624790176619e-05
147	7.145762301612852e-05
148	6.944138894460335e-05
149	6.523491235887471e-05
150	6.368652567645371e-05
151	6.381106286526818e-05
152	6.18696086372976e-05
153	5.9583540653262545e-05
154	6.547435673455493e-05
155	5.592389899868039e-05
156	5.5631635572348104e-05
157	5.3784542135248124e-05
158	0.00012561893283100203
159	0.0001973726937333501
160	0.00018434764038305666
161	0.0001644463853854331
162	0.00014312131655590368
163	0.00014217209169336214
164	0.00013725506832026603
165	0.00013735627504787615
166	0.00013484394249442433
167	0.00013303928701768468
168	0.00013219011029776234
169	0.00013052789736657248
170	0.00012880419881285395
171	0.00013142166902034295
172	0.00013117359136511443
173	0.00012679528829356832
174	0.0001268113252837509
175	0.00012665758960432718
176	0.00012609597119224623
177	0.00012500464752672767
178	0.00010023763252625668
179	8.445722595559916e-05
180	8.987542851908541e-05
181	7.914788492922157e-05
182	8.332003056811871e-05
183	8.172050206546728e-05
184	8.049491066597486e-05
185	6.413844275458434e-05
186	6.343171572828078e-05
187	6.235320676096743e-05
188	5.8577339303800725e-05
189	5.7731037422011446e-05
190	5.7296369841993234e-05
191	5.507201297509572e-05
192	5.219858621955278e-05
193	5.2198869059682444e-05
194	5.2115734182498615e-05
195	5.1316528243156195e-05
196	4.9848769061077335e-05
197	4.9605661105955384e-05
198	4.900069033956451e-05
199	4.8659248293348104e-05
200	4.735493114383787e-05
201	4.735493114383787e-05
202	4.741060192991516e-05
203	4.736986940038188e-05
204	4.801822661629309e-05
205	4.798687125941691e-05
206	4.798687125941691e-05
207	4.794115112890136e-05
208	4.794115112890136e-05
209	4.794113392575002e-05
210	4.795122839979888e-05
211	4.795122839979888e-05
212	4.7942464357974133e-05
213	4.7942464357974133e-05
214	4.7870066961842396e-05
215	4.7870066961842396e-05
216	4.7868601188095335e-05
217	4.786541648234945e-05
218	4.7804440457497174e-05
219	4.7804440460011913e-05
220	4.7807431805754535e-05
221	4.781883537779604e-05
222	4.781883537779604e-05
223	4.780836483031028e-05
224	4.7808190518404825e-05
225	4.780821387139395e-05
226	4.774793021260993e-05
227	4.774793021260993e-05
228	4.774793021260993e-05
229	4.772159640195623e-05
230	4.772111218365626e-05
231	4.771615959080392e-05
232	4.771615959080392e-05
233	4.7738040852315884e-05
234	4.758850153868025e-05
235	4.7587756660473356e-05
236	4.7587756660473356e-05
237	4.752822390262696e-05
238	4.752822390262696e-05
239	4.747011089355435e-05
240	4.747011089355435e-05
241	4.747395042943237e-05
242	4.744320868574257e-05
243	4.7435964614734154e-05
244	4.743596445521078e-05
245	4.7435957945907984e-05
246	4.7435957945907984e-05
247	4.7407918320071985e-05
248	4.740219431789176e-05
249	4.780774192847972e-05
250	4.780774192847972e-05
251	4.7812668066271176e-05
252	4.7812668066271176e-05
253	4.7812668066271176e-05
254	4.7812668066271176e-05
255	4.7812668066271176e-05
256	4.7813356034970465e-05
257	4.781316412952124e-05
258	4.781316412952124e-05
259	4.7837959658675425e-05
260	4.783394139800284e-05
261	4.783394139800284e-05
262	4.7833944170642204e-05
263	4.781878931870732e-05
264	4.7818799599899e-05
265	4.7818799599899e-05
266	4.781188055643575e-05
267	4.767412456300197e-05
268	4.769089889751869e-05
269	4.770008917580509e-05
270	4.770008917580509e-05
271	4.770008917580509e-05
272	4.7686900561247974e-05
273	4.7687087176435124e-05
274	4.778402421866813e-05
275	4.778079087224066e-05
276	4.7769519384906444e-05
277	4.776265644714974e-05
278	4.775183276144134e-05
279	4.775214869477024e-05
280	4.775214890205717e-05
281	4.775214890205717e-05
282	4.775214890205717e-05
283	4.774619085325327e-05
284	4.774614171579271e-05
285	4.774262027615917e-05
286	4.774262027615917e-05
287	4.774275887209729e-05
288	4.7743790824026226e-05
289	4.7743790824026226e-05
290	4.7806042408037296e-05
291	4.7805602927504114e-05
292	4.7889362753157924e-05
293	4.7889362753157924e-05
294	4.7889362753157924e-05
295	4.79015472636817e-05
296	4.7584204345941e-05
297	4.7584204345941e-05
298	4.7449858332062326e-05
299	4.7435818169768916e-05
300	4.742699587152292e-05
301	4.741561675395111e-05
302	4.741561675395111e-05
303	4.741561675395111e-05
304	4.741561675395111e-05
305	4.7349604340752934e-05
306	4.7349604340752934e-05
307	4.7319042452936646e-05
308	4.7319042452936646e-05
309	4.7315033053266724e-05
310	4.7315033053266724e-05
311	4.732169058109991e-05
312	4.727438378292909e-05
313	4.727438378292909e-05
314	4.727438378292909e-05
315	4.7274419171805395e-05
316	4.705737251353619e-05
317	4.706973310969096e-05
318	4.705904219441709e-05
319	4.671417088297301e-05
320	4.669071313222965e-05
321	4.6700041674921696e-05
322	4.6700041552069934e-05
323	4.671992349886011e-05
324	4.671991598035926e-05
325	4.3572167983671524e-05
326	4.3560559375053625e-05
327	4.406839152552271e-05
328	4.4004638829612894e-05
329	4.400462703694275e-05
330	4.400462703694275e-05
331	4.400462703694275e-05
332	4.400456607621792e-05
333	4.439860429804717e-05
334	4.439804593156238e-05
335	4.439254320101544e-05
336	4.4530545614639985e-05
337	4.4371090429217865e-05
338	4.420135551475889e-05
339	4.428340439192838e-05
340	4.428340401047966e-05
341	4.428345471166036e-05
342	4.4283351517470645e-05
343	4.4283726966521814e-05
344	4.4283726966521814e-05
345	4.430483003347259e-05
346	4.425388828496859e-05
347	4.428936267377709e-05
348	4.420377432968076e-05
349	4.4451135252457785e-05
350	4.502565709107379e-05
351	4.5025656607152096e-05
352	4.50257331684076e-05
353	4.4931100440551384e-05
354	4.495451070395325e-05
355	4.502594762573009e-05
356	4.523571552394561e-05
357	4.523772186141261e-05
358	4.523257121087164e-05
359	4.523257121087163e-05
360	4.520956003956273e-05
361	4.520956003956273e-05
362	4.484748753167452e-05
363	4.486758543063795e-05
364	4.480385846102513e-05
365	4.4737709898456705e-05
366	4.472773987599487e-05
367	4.470894670681245e-05
368	4.4710295742655026e-05
369	4.4027357584084126e-05
370	4.4027357584084126e-05
371	4.4027552468048445e-05
372	4.402212837073027e-05
373	4.402212837073027e-05
374	4.369765454369986e-05
375	4.3697654543699865e-05
376	4.3697654543767296e-05
377	4.362964960914291e-05
378	4.3644808564365335e-05
379	4.263409205136875e-05
380	4.2634285456173116e-05
381	4.263455117500093e-05
382	4.2802974362838664e-05
383	4.2803061037271615e-05
384	4.279531285444361e-05
385	4.3067191170057716e-05
386	4.307674030830585e-05
387	4.308392015860992e-05
388	4.3102976065406825e-05
389	4.285940234604215e-05
390	4.2839174654453356e-05
391	4.2839193730635376e-05
392	4.289403053801958e-05
393	4.28978387950388e-05
394	4.28978387950388e-05
395	4.282467617415486e-05
396	4.275860586329961e-05
397	4.280305851175486e-05
